1 0.0766 0.2634666658653846 0.07819999999999999 0.28800000000000003 0.1062 0.2816 0.10379999999999999 0.2624 0.1134 0.2624 0.1414 0.2933333341346154 0.16460000000000002 0.2858666658653846 0.1678 0.3072 0.1654 0.32 0.10060000000000001 0.3178666658653846 0.087 0.3498666658653846 0.1022 0.3744 0.1406 0.37760000000000005 0.1654 0.41600000000000004 0.17420000000000002 0.43520000000000003 0.183 0.4362666658653846 0.1854 0.3733333341346154 0.2094 0.3786666658653846 0.1966 0.4501333341346154 0.2494 0.47893333413461536 0.2622 0.512 0.2286 0.4874666658653846 0.2078 0.5056 0.2534 0.5770666658653846 0.2806 0.5557333341346153 0.31179999999999997 0.592 0.391 0.6304 0.391 0.6570666658653846 0.4934 0.7605333341346154 0.4494 0.7946666658653846 0.43820000000000003 0.7989333341346154 0.3966 0.6901333341346153 0.33340000000000003 0.7178666658653847 0.35500000000000004 0.7722666658653845 0.3182 0.7712000000000001 0.307 0.8074666658653846 0.3254 0.8384 0.36060000000000003 0.8191999999999999 0.3534 0.7893333341346154 0.38139999999999996 0.864 0.4486 0.8490666658653846 0.447 0.8351999999999999 0.5318 0.9333333341346154 0.5654 0.9141333341346154 0.575 0.9888 0.7198 0.9728 0.7182000000000001 0.9216 0.6998 0.8735999999999999 0.7502 0.7285333341346154 0.7318 0.6805333341346155 0.7694 0.6090666658653846 0.7525999999999999 0.5504 0.7606 0.5045333341346153 0.751 0.46613333413461533 0.7590000000000001 0.4565333341346154 0.7894 0.48000000000000004 0.8062 0.4512 0.7534 0.42666666586538465 0.7534 0.4064 0.7749999999999999 0.37973333413461535 0.7766000000000001 0.3946666658653846 0.8158 0.3456 0.8006 0.3189333341346154 0.7654000000000001 0.31146666586538463 0.7325999999999999 0.256 0.7118 0.2261333341346154 0.6446 0.19733333413461537 0.591 0.20479999999999998 0.5094000000000001 0.14613333413461538 0.4158 0.19519999999999998 0.4134 0.2026666658653846 0.33340000000000003 0.2357333341346154 0.2686 0.2933333341346154 0.223 0.2741333341346154 0.2038 0.23786666586538463 0.2462 0.24960000000000002 0.2654 0.21760000000000002 0.2558 0.1994666658653846 0.1758 0.1834666658653846 0.1734 0.2037333341346154 0.1598 0.19626666586538463 0.16699999999999998 0.1717333341346154 0.1358 0.15893333413461536 0.1118 0.17493333413461537 0.111 0.1930666658653846 0.0582 0.21653333413461537 0.0702 0.2613333341346154 0.0766 0.2634666658653846
1 0.12459999999999999 0.5322666658653846 0.10779999999999999 0.5258666658653847 0.08299999999999999 0.5322666658653846 0.0566 0.5045333341346153 0 0.5213333341346154 0.0022 0.5952 0.040600000000000004 0.5877333341346154 0.047799999999999995 0.5632 0.051000000000000004 0.5493333341346154 0.052599999999999994 0.5994666658653846 0.0654 0.6197333341346154 0.123 0.6016 0.12459999999999999 0.5322666658653846
1 0.0766 0.1674666658653846 0.0718 0.13653333413461538 0.0342 0.12480000000000001 0.0166 0.1397333341346154 0.023 0.16319999999999998 0.0534 0.1738666658653846 0.0766 0.1674666658653846
1 0.27899999999999997 0.1472 0.283 0.18773333413461538 0.3518 0.19519999999999998 0.3558 0.16 0.27899999999999997 0.1472
1 0.3222 0.8597333341346154 0.259 0.8821333341346154 0.267 0.9397333341346154 0.3206 0.9440000000000001 0.3262 0.9237333341346154 0.3222 0.8597333341346154
1 0.9342 0.9504 0.8670000000000001 0.9429333341346153 0.8278 0.9941333341346154 0.971 0.9986666658653847 0.967 0.9813333341346154 0.9342 0.9504
1 0.8582 0.8128 0.891 0.8117333341346153 0.8774 0.7626666658653847 0.9189999999999999 0.7637333341346154 0.927 0.7082666658653847 0.9149999999999999 0.6965333341346154 0.8774 0.6816 0.8493999999999999 0.7210666658653846 0.8638 0.7498666658653845 0.8398000000000001 0.7712000000000001 0.8582 0.8128
1 0.8198000000000001 0.464 0.8278 0.49813333413461536 0.8646 0.5034666658653847 0.8574 0.47359999999999997 0.8198000000000001 0.464
1 0.9478000000000001 0.5589333341346154 0.9198 0.544 0.8989999999999999 0.5568000000000001 0.9174 0.5898666658653846 0.9461999999999999 0.5813333341346154 0.9478000000000001 0.5589333341346154
1 0.7774 0.7786666658653847 0.763 0.7296 0.7534 0.736 0.7302 0.7776000000000001 0.7462 0.7957333341346153 0.7774 0.7786666658653847
1 0.619 0.1429333341346154 0.6414000000000001 0.19626666586538463 0.679 0.1941333341346154 0.6557999999999999 0.14613333413461538 0.619 0.1429333341346154
1 0.0022 0.4384 0.0014 0.4970666658653846 0.032600000000000004 0.49920000000000003 0.047799999999999995 0.4704 0.0414 0.4522666658653846 0.0022 0.4384
1 0.23179999999999998 0.025599999999999998 0.21980000000000002 0.023466665865384616 0.2094 0.025599999999999998 0.2062 0.0576 0.2334 0.05866666586538461 0.23179999999999998 0.025599999999999998
1 0.219 0.07893333413461538 0.1966 0.0704 0.16460000000000002 0.0896 0.191 0.1056 0.219 0.07893333413461538
1 0.251 0.04906666586538462 0.2446 0.05866666586538461 0.255 0.08106666586538462 0.2718 0.06186666586538462 0.251 0.04906666586538462
1 0.2718 0.06933333413461538 0.2814 0.07893333413461538 0.2942 0.06506666586538462 0.2742 0.054400000000000004 0.2718 0.06933333413461538
1 0.3006 0.11839999999999999 0.303 0.13653333413461538 0.3198 0.1408 0.3254 0.12693333413461538 0.3006 0.11839999999999999
1 0.2806 0.10453333413461538 0.2838 0.11733333413461539 0.3086 0.11839999999999999 0.3086 0.10773333413461539 0.2806 0.10453333413461538
1 0.34859999999999997 0.09066666586538462 0.3326 0.07893333413461538 0.323 0.08533333413461539 0.33340000000000003 0.10346666586538461 0.3478 0.10239999999999999 0.34859999999999997 0.09066666586538462
1 0.415 0.1333333341346154 0.4326 0.1258666658653846 0.41659999999999997 0.11413333413461538 0.391 0.112 0.39580000000000004 0.1312 0.4078 0.12373333413461539 0.415 0.1333333341346154
1 0.40059999999999996 0.0010666658653846154 0.3934 0.03413333413461538 0.4342 0.021333334134615387 0.439 0.004266665865384616 0.40059999999999996 0.0010666658653846154
1 0.5606 0.0031999999999999997 0.5166 0.0031999999999999997 0.5078 0.018133334134615382 0.5454 0.027733334134615387 0.5598 0.021333334134615387 0.5606 0.0031999999999999997
1 0.7318 0.021333334134615387 0.731 0.0010666658653846154 0.6262 0.0021333341346153846 0.6245999999999999 0.0096 0.7022 0.04586666586538461 0.7062 0.025599999999999998 0.7318 0.021333334134615387
1 0.7598 0.18666666586538463 0.7494000000000001 0.1930666658653846 0.7534 0.21973333413461538 0.795 0.21226666586538462 0.8318 0.23786666586538463 0.843 0.2304 0.8174 0.18880000000000002 0.9733999999999999 0.2304 0.967 0.23786666586538463 0.9766 0.27733333413461536 0.999 0.2746666658653846 0.999 0.088 0.9845999999999999 0.0704 0.963 0.08106666586538462 0.9238 0.08 0.9222 0.1013333341346154 0.8742 0.09813333413461539 0.871 0.0864 0.8486 0.09173333413461539 0.8350000000000001 0.05866666586538461 0.8254 0.064 0.823 0.04906666586538462 0.7918000000000001 0.0576 0.7566 0.011733334134615385 0.7053999999999999 0.0288 0.7598 0.07466666586538462 0.699 0.09173333413461539 0.7158 0.13226666586538463 0.7518 0.14613333413461538 0.7598 0.18666666586538463
1 0.7678 0.8085333341346155 0.7485999999999999 0.8224 0.7365999999999999 0.8565333341346153 0.7558 0.8789333341346153 0.7902 0.8277333341346154 0.7678 0.8085333341346155
1 0.9454 0.0224 0.9406 0.037333334134615384 0.9606 0.04586666586538461 0.971 0.03306666586538461 0.9454 0.0224
1 0.7278 0.16 0.715 0.16853333413461538 0.7365999999999999 0.17813333413461538 0.7446 0.1621333341346154 0.7278 0.16
1 0.8605999999999999 0.448 0.8566 0.43093333413461543 0.8181999999999999 0.4224 0.8006 0.4277333341346154 0.7909999999999999 0.40959999999999996 0.7678 0.41279999999999994 0.7782 0.4362666658653846 0.8094 0.4522666658653846 0.8605999999999999 0.448
1 0.1126 0.012799999999999999 0.0862 0.026666665865384614 0.0742 0.06186666586538462 0.1286 0.025599999999999998 0.1126 0.012799999999999999
1 0.8998 0.09173333413461539 0.8974 0.0768 0.9189999999999999 0.08 0.9214 0.06186666586538462 0.895 0.052266665865384615 0.887 0.0704 0.8686 0.06720000000000001 0.8662 0.08 0.8998 0.09173333413461539
1 0.1502 0.9066666658653847 0.1526 0.9717333341346154 0.21259999999999998 0.9109333341346153 0.17980000000000002 0.9173333341346154 0.1502 0.9066666658653847
1 0.443 0.10880000000000001 0.4366 0.10773333413461539 0.4326 0.11733333413461539 0.44380000000000003 0.12053333413461538 0.443 0.10880000000000001
1 0.6517999999999999 0.05653333413461538 0.6614 0.0725333341346154 0.6694 0.06293333413461538 0.663 0.052266665865384615 0.6517999999999999 0.05653333413461538
1 0.5342 0.10880000000000001 0.5222 0.09706666586538462 0.5054 0.10346666586538461 0.5197999999999999 0.1152 0.5342 0.10880000000000001