2 0.99609375 0.99609375 0.99609375 0.33203125 0.9860826490384615 0.3319245240384615 0.9700734302884615 0.38635587499999996 0.9380549879807693 0.3671448076923077 0.8932291682692307 0.39169228125 0.83773053125 0.38528859375 0.8089139326923077 0.3276553942307692 0.8206540312499999 0.2700221995192308 0.6691000673076922 0.26788763701923074 0.6071977451923076 0.3564719951923077 0.628543375 0.42157616105769236 0.6626963798076922 0.42157616105769236 0.6755037572115385 0.40129781249999996 0.6947148245192308 0.4258452860576923 0.7342042355769232 0.4258452860576923 0.7342042355769232 0.4333162572115385 0.7203295793269231 0.4525273245192307 0.7245987043269231 0.5005549879807693 0.7715590865384615 0.49094945192307693 0.7747609302884615 0.5112278004807692 0.7459443317307692 0.6051485673076923 0.7384733605769231 0.6563780745192307 0.6157359951923076 0.6222250673076922 0.6392161875 0.59127390625 0.5837175552884616 0.5090932379807692 0.528218920673077 0.48881488942307694 0.5388917355769232 0.4685365432692308 0.5655737692307692 0.39596140625 0.536757173076923 0.37995218750000004 0.5132769807692308 0.45999829326923075 0.47378756730769234 0.4205088798076923 0.5047387307692308 0.3564719951923077 0.44924009375 0.33085724278846157 0.4140198076923077 0.43224897596153844 0.3382428269230769 0.40876878605769235 0.19202527403846154 0.390625 0.18348702403846154 0.2988387956730769 0.24005293749999998 0.25081113221153845 0.2293801201923077 0.18677425 0.13332479807692307 0.1750341514423077 0.12585382451923077 0.14728483653846153 0.20483264903846152 0.13661202403846154 0.17067964423076923 0.004269125 0.004183742788461538 0.0021345625 0.005251024038461539 0.9947062860576923 0.99609375 0.99609375
2 0.39587602403846156 0.18570696874999998 0.34037738942307694 0.23480191346153845 0.3787995240384615 0.2732240432692308 0.44070184375 0.19958162499999998 0.39587602403846156 0.18570696874999998
2 0.31156079326923075 0.07364241826923076 0.3307718581730769 0.08751707692307692 0.3297045793269231 0.10779542307692308 0.3126280745192308 0.15582308653846155 0.3489156418269231 0.17396687019230767 0.3745303942307692 0.1590249326923077 0.3553193317307692 0.11206455048076923 0.38306864903846155 0.09071892307692307 0.40121243269230766 0.09285348317307693 0.40014514903846155 0.07577698076923077 0.37773224278846157 0.06296960576923077 0.3200990432692308 0.042691257211538464 0.2902151634615385 0.03201844230769231 0.28487875721153844 0.04909494471153846 0.29341700721153846 0.06617144951923076 0.32223360576923077 0.06510416826923077 0.31156079326923075 0.07364241826923076
2 0.5036714495192307 0.04055669471153846 0.47378756730769234 0.025614754807692305 0.43429815625 0.05443135096153846 0.47058572355769235 0.08004610576923077 0.49726775721153843 0.06830601201923077 0.5036714495192307 0.04055669471153846
2 0.46845116105769236 0.1632940576923077 0.44497096875 0.09712260817307693 0.4129525264423077 0.09605532932692308 0.39267418028846157 0.12167008173076922 0.42789446875 0.1675631826923077 0.46845116105769236 0.1632940576923077
2 0.5602373629807692 0.3041752043269231 0.6082650264423077 0.3159153004807692 0.63814890625 0.25081113221153845 0.6007940576923076 0.2251963798076923 0.5837175552884616 0.23586919471153844 0.5783811490384616 0.21665812980769233 0.6114668701923077 0.18143783894230767 0.5922558052884616 0.16115949519230768 0.5655737692307692 0.18570696874999998 0.533555326923077 0.20278346875 0.533555326923077 0.24974385096153845 0.5687756129807693 0.2657530745192308 0.5602373629807692 0.3041752043269231
2 0.7448770504807692 0.19744706250000002 0.7171277307692308 0.21452356730769231 0.7342042355769232 0.23586919471153844 0.7608862692307692 0.22199453605769232 0.7448770504807692 0.19744706250000002
2 0.8419996610576923 0.26468579326923075 0.8302595625 0.27856044951923076 0.8484033485576923 0.3148480192307692 0.8569415985576924 0.2999060769230769 0.8419996610576923 0.26468579326923075
2 0.8494706298076923 0.20385075 0.83773053125 0.2305327860576923 0.8569415985576924 0.25294569471153844 0.8740181009615384 0.2273309423076923 0.8494706298076923 0.20385075
2 0.82919228125 0.004269125 0.8046448076923076 0.020278348557692307 0.83346140625 0.04696038221153846 0.8558743173076924 0.025614754807692305 0.82919228125 0.004269125
2 0.9039019807692308 0.26361851201923076 0.9028346995192307 0.29350238942307694 0.9455259567307692 0.29030054807692307 0.9401895504807692 0.26788763701923074 0.9039019807692308 0.26361851201923076
2 0.8942964495192308 0.22946550480769232 0.8942964495192308 0.24440744471153847 0.9167093581730769 0.25081113221153845 0.9167093581730769 0.23480191346153845 0.8942964495192308 0.22946550480769232
2 0.4855276634615385 0.15368852403846153 0.49726775721153843 0.1675631826923077 0.5111424182692308 0.1632940576923077 0.5218152307692308 0.13874658653846156 0.4855276634615385 0.15368852403846153
2 0.6957821057692308 0.4632001370192308 0.6957821057692308 0.44398906971153845 0.6765710384615384 0.4386526634615385 0.6306779375 0.46213285576923074 0.6007940576923076 0.4824112043269231 0.6626963798076922 0.5037568317307692 0.6669655048076923 0.45999829326923075 0.6957821057692308 0.4632001370192308
2 0.6957821057692308 0.5283043052884615 0.6925802572115385 0.5645918701923077 0.732069673076923 0.5656591514423077 0.7363387956730769 0.5443135240384616 0.6957821057692308 0.5283043052884615
2 0.24005293749999998 0.12914105048076924 0.23364925 0.1600922139423077 0.29448428846153846 0.18143783894230767 0.29128244471153847 0.14941939903846155 0.24005293749999998 0.12914105048076924
2 0.3008879759615385 0.21665812980769233 0.2752732235576923 0.20705259374999999 0.24325478125 0.2123890048076923 0.24752390624999998 0.2316000673076923 0.2870133197115385 0.24227288221153845 0.3008879759615385 0.21665812980769233
2 0.43323087499999996 0.3436646177884616 0.4118852451923077 0.2817622956730769 0.38520321153846154 0.2977715144230769 0.40121243269230766 0.33726093028846155 0.35211748798076925 0.38422131249999997 0.37773224278846157 0.39702868750000003 0.43323087499999996 0.3436646177884616
2 0.6082650264423077 0.03948941346153846 0.6221396875 0.06617144951923076 0.63814890625 0.05763319471153846 0.6189378389423077 0.0341530048076923 0.6082650264423077 0.03948941346153846
2 0.6530908485576923 0.12167008173076922 0.6349470625 0.13127561298076923 0.64455259375 0.14194843028846155 0.6733691947115384 0.13874658653846156 0.6530908485576923 0.12167008173076922
2 0.9668715865384615 0.19317793749999998 0.9615351754807692 0.2198599735576923 0.9796789615384616 0.2198599735576923 0.9882172139423078 0.19744706250000002 0.9668715865384615 0.19317793749999998
2 0.9476605192307692 0.12273736298076923 0.9732752740384616 0.15582308653846155 0.9882172139423078 0.14835211778846152 0.9583333317307693 0.11206455048076923 0.9476605192307692 0.12273736298076923
2 0.3200990432692308 0.24547472596153846 0.3040898245192308 0.25294569471153844 0.3200990432692308 0.2742913245192308 0.3414446730769231 0.25934938701923077 0.3200990432692308 0.24547472596153846
2 0.9572660504807692 0.04482581971153846 0.9465932379807692 0.061902324519230764 0.9594006129807693 0.07150785576923077 0.9743425552884616 0.06296960576923077 0.9572660504807692 0.04482581971153846
2 0.7470116129807691 0.02668203605769231 0.723531420673077 0.033085723557692306 0.735271516826923 0.04482581971153846 0.7512807379807692 0.04589310096153846 0.7470116129807691 0.02668203605769231
2 0.8910946057692308 0.13447746153846155 0.8953637307692308 0.14515027403846154 0.9113729495192308 0.14515027403846154 0.9081711057692308 0.13234289423076923 0.8910946057692308 0.13447746153846155
2 0.9316512956730769 0.19317793749999998 0.9295167355769232 0.20705259374999999 0.9487278004807693 0.2187926923076923 0.9497950817307692 0.20385075 0.9316512956730769 0.19317793749999998