0 0.36342475240384614 0.26582278605769233 0.4013994375 0.23628692067307694 0.5990084375 0.11075949278846155 0.6046343173076922 0.08122362740384616 0.594085795673077 0.05696202403846154 0.5772081586538461 0.03691982932692307 0.33459212259615384 0.1571729951923077 0.3163080168269231 0.17932489423076922 0.31912095673076923 0.2257383966346154 0.3381082980769231 0.2563291153846154 0.36342475240384614 0.26582278605769233
0 0.06665963461538461 0.5822784807692307 0.0961955 0.6012658221153846 0.14331223557692307 0.5643459927884615 0.14260900240384616 0.5210970480769231 0.15526723076923077 0.4599156129807692 0.21926160336538464 0.4145569615384615 0.7495007043269231 0.03902953605769231 0.7438748245192308 0.018987341346153846 0.357798875 0.2563291153846154 0.06876933894230769 0.44725738461538456 0.04063994230769231 0.4852320673076923 0.04415611778846154 0.5337552740384616 0.06665963461538461 0.5822784807692307
0 0.8170112524038462 0 0.7417651201923078 0.0021097043269230767 0.7410618846153846 0.02109704807692308 0.7558298173076923 0.04008438701923077 0.7684880456730769 0.030590716346153846 0.8170112524038462 0
0 0.18972573798076922 0.5938818581730769 0.22348101442307694 0.5738396634615385 0.36553445913461535 0.44831223798076925 0.36905063221153844 0.4092826995192308 0.3880379759615385 0.3755274254807693 0.8549859350961538 0.006329115384615385 0.8212306610576923 0.0021097043269230767 0.16300281249999998 0.4514767932692308 0.14612517548076923 0.45886075961538464 0.14401547115384614 0.5253164543269231 0.1482348798076923 0.5537974663461539 0.1622995793269231 0.5780590721153847 0.18972573798076922 0.5938818581730769
0 0.4471097043269231 0.4789029519230769 0.6637060480769231 0.2584388173076923 0.6489381153846154 0.21518987259615383 0.6672222211538461 0.16772151923076925 0.7354360048076922 0.10864979086538461 0.6475316442307691 0.1719409278846154 0.38733474038461535 0.37658227644230774 0.37537974759615383 0.38924050721153847 0.3641279879807692 0.4293248942307692 0.3732700408653846 0.47679325 0.4105414927884615 0.5105485216346154 0.4471097043269231 0.4789029519230769
0 0.6939451490384615 0.2415611826923077 0.7255907163461538 0.19409282692307692 0.9316385360576922 0.0031645576923076926 0.8556891706730769 0.011603374999999999 0.7361392403846154 0.10864979086538461 0.6658157524038462 0.1635021105769231 0.6482348798076922 0.20569620192307692 0.6587834038461539 0.2489451466346154 0.6686286923076923 0.2563291153846154 0.6939451490384615 0.2415611826923077
0 0.3810056274038462 0.5854430384615384 0.3978832644230769 0.5717299567307692 0.4886005625 0.4894514783653846 0.5195428966346154 0.4451476802884615 0.5420464134615385 0.3945147668269231 0.6890225024038461 0.2468354423076923 0.6538607596153846 0.2584388173076923 0.44921941105769225 0.47362869230769233 0.3732700408653846 0.5464135024038461 0.36694092788461535 0.5748945144230769 0.3810056274038462 0.5854430384615384
0 0.5884599158653846 0.5168776370192307 0.6215119543269231 0.47573839663461537 0.8915541490384615 0.13607594951923077 0.8838185649038461 0.0928270048076923 0.8929606177884615 0.07805907211538463 0.9274191274038461 0.06645569471153846 0.9597679326923078 0.017932490384615384 0.9562517572115384 0.0031645576923076926 0.9224964831730769 0.0031645576923076926 0.7607524615384615 0.17405063221153846 0.5561111105769231 0.38185654086538456 0.5132137836538462 0.4556962019230769 0.5448593533653846 0.511603375 0.5582208149038462 0.5358649807692308 0.5884599158653846 0.5168776370192307
0 0.3929606177884616 0.6012658221153846 0.3718635721153846 0.5727848100961539 0.3725668076923077 0.5443037980769231 0.39718002884615383 0.5316455697115384 0.40913502163461535 0.5010548533653846 0.3845218004807692 0.48417721394230767 0.3599085793269231 0.44725738461538456 0.3247468341346154 0.4862869206730769 0.3275597740384616 0.5400843870192308 0.3486568221153846 0.5928270048076923 0.3929606177884616 0.6012658221153846
0 0.43867088701923074 0.5938818581730769 0.4583614639423077 0.6149789014423077 0.4843811538461538 0.5981012644230769 0.511104079326923 0.5611814350961539 0.51040084375 0.52320675 0.5202461322115385 0.4852320673076923 0.506884670673077 0.4683544302884615 0.4829746826923077 0.49683544230769233 0.42319971875 0.5559071730769231 0.4246061875 0.5685653990384615 0.43867088701923074 0.5938818581730769
0 0.594085795673077 0.5253164543269231 0.5279817163461538 0.5 0.5096976081730769 0.5559071730769231 0.5279817163461538 0.5991561177884616 0.5652531658653847 0.5590717307692308 0.594085795673077 0.5253164543269231
0 0.5568143461538462 0.7763713076923077 0.5736919831730769 0.738396625 0.6278410673076924 0.6803797475961539 0.8177144855769231 0.3449367091346154 0.8676441634615385 0.2405063293269231 0.9098382572115384 0.1561181418269231 0.9379676514423078 0.14135020913461538 0.8880379759615384 0.13607594951923077 0.49000703125 0.6529535865384616 0.48227144951923073 0.7151898725961539 0.5132137836538462 0.7805907163461538 0.5568143461538462 0.7763713076923077
0 0.9464064711538461 0.07805907211538463 0.8999929687499999 0.07067510576923076 0.8795991562500001 0.11814345913461538 0.8950703245192309 0.14662447355769231 0.9506258774038462 0.15189873557692307 0.9464064711538461 0.07805907211538463
0 0.6798804495192308 0.6624472572115384 0.681286920673077 0.6687763725961537 0.6939451490384615 0.6772151899038461 0.7087130793269231 0.6561181418269231 0.8760829807692307 0.28270042307692306 0.9386708870192308 0.1550632908653846 0.9161673701923078 0.14662447355769231 0.6876160336538462 0.6255274254807692 0.6784739807692308 0.6360759495192307 0.6798804495192308 0.6624472572115384
0 0.6651125192307692 0.6624472572115384 0.7713009855769232 0.45042193990384616 0.7684880456730769 0.43354430528846155 0.6383895913461538 0.6339662451923077 0.6243248942307692 0.6772151899038461 0.6503445841346154 0.6930379759615384 0.6651125192307692 0.6624472572115384
0 0.9534388173076922 0.1719409278846154 0.9316385360576922 0.15822784855769229 0.7157454278846154 0.6497890288461539 0.6763642740384616 0.7310126586538461 0.6798804495192308 0.7605485216346154 0.7059001394230768 0.7700421947115385 0.9534388173076922 0.1719409278846154
0 0.9457032355769232 0.21518987259615383 0.8943670889423078 0.3154008461538461 0.8669409278846154 0.3913502091346154 0.9485161754807692 0.2563291153846154 0.9457032355769232 0.21518987259615383
0 0.10604078846153847 0.7848101274038461 0.2108227860576923 0.6835443052884614 0.32966948076923075 0.5622362884615385 0.32193389663461536 0.4862869206730769 0.21504219230769234 0.5780590721153847 0.19605485096153846 0.5981012644230769 0.16440928365384616 0.5791139254807692 0.14682841105769232 0.5559071730769231 0.05048523076923077 0.6402953581730769 0.03923347355769231 0.6993670865384616 0.05470464182692308 0.7563291153846153 0.10604078846153847 0.7848101274038461