0 0.020406052884615385 0.18181037259615385 0.023853021634615387 0.34072801442307693 0.4116369663461539 0.3428755504807692 0.4099134807692308 0.18503167548076924 0.020406052884615385 0.18181037259615385
0 0.4305952908653846 0.18717921153846154 0.4271483245192308 0.34394931730769235 0.818379235576923 0.3428755504807692 0.811485298076923 0.18610544471153848 0.4305952908653846 0.18717921153846154
0 0.9958981081730769 0.2881133894230769 0.9717693293269231 0.25590035576923076 0.9080004134615384 0.25375281971153846 0.8511254350961538 0.3235477283653846 0.9131708653846153 0.34609685336538465 0.9872806875000001 0.3428755504807692 0.9958981081730769 0.2881133894230769
0 0.01523560096153846 0.4266294423076923 0.013512117788461538 0.44380972836538457 0.006618177884615385 0.4588424783653846 0.010065146634615385 0.4717276923076923 0.004894694711538462 0.4803178341346154 0.0031712115384615385 0.4953505841346154 0.011788632211538462 0.5103833341346153 0.05315225240384615 0.5146784062499999 0.07900451442307693 0.5114571033653846 0.16173175721153846 0.5103833341346153 0.20309537740384617 0.5125308701923077 0.2565233870192308 0.5146784062499999 0.31339836538461535 0.5093095673076923 0.33063320673076924 0.5093095673076923 0.34786805048076924 0.5082358004807692 0.35648547115384616 0.4985718894230769 0.4047430288461538 0.4953505841346154 0.4081899975961539 0.4878342091346154 0.4081899975961539 0.4663588533653846 0.4012960600961539 0.45562117548076925 0.4081899975961539 0.4481048004807692 0.4012960600961539 0.42448190625 0.4099134807692308 0.41911306730769227 0.40301954326923073 0.39763771153846156 0.371996829326923 0.39119510336538466 0.3754437956730769 0.3826049615384616 0.34269759615384615 0.3783098894230769 0.3254627548076923 0.36757221153846154 0.2806521658653846 0.36005583653846157 0.20481886057692306 0.37938365865384616 0.1893075048076923 0.3654246754807692 0.15483781971153845 0.36112960336538463 0.12036813701923076 0.37723612259615386 0.08417496875 0.36971974759615384 0.023853021634615387 0.38367872836538464 0.018682567307692306 0.4073016225961539 0.010065146634615385 0.41589176442307696 0.01523560096153846 0.4266294423076923
0 0.4271483245192308 0.4964243533653846 0.44265968028846153 0.5157521730769231 0.5202164711538462 0.5060882644230769 0.5977732596153846 0.50716203125 0.6494777836538461 0.5168259423076923 0.6805005000000001 0.5050144951923077 0.7477163822115384 0.5146784062499999 0.7959739423076923 0.5146784062499999 0.8269966562500001 0.49749812019230766 0.8321671081730769 0.46421131730769233 0.8321671081730769 0.44380972836538457 0.8252731730769232 0.4073016225961539 0.7770156153846154 0.4040803173076923 0.7477163822115384 0.39978524759615386 0.7356519951923077 0.3804574254807692 0.7149701826923077 0.36220337259615387 0.67705353125 0.36435090625 0.6443073317307693 0.37508858653846155 0.6425838485576923 0.3933426394230769 0.6339664254807692 0.39763771153846156 0.6098376466346154 0.3826049615384616 0.5926028052884615 0.36757221153846154 0.5667505432692308 0.35468699759615385 0.5460687331730769 0.34931815865384613 0.5064285961538462 0.36005583653846157 0.4857467860576923 0.37186728125 0.4822998173076923 0.39441640625 0.46334149038461536 0.39763771153846156 0.43576574278846153 0.41052292548076924 0.44265968028846153 0.4459572644230769 0.45817103846153845 0.4588424783653846 0.44265968028846153 0.47817030048076925 0.4271483245192308 0.4964243533653846
0 0.8562958870192308 0.4878342091346154 0.8545724038461538 0.5007194254807692 0.9011064759615385 0.50716203125 0.9631519086538461 0.5103833341346153 0.9976215913461538 0.50716203125 0.998845264423077 0.4928057548076923 0.998845264423077 0.36690647596153847 0.9734928125 0.3654246754807692 0.9493640336538461 0.3783098894230769 0.9493640336538461 0.38582626442307694 0.9183413197115384 0.3847524975961539 0.8924890552884615 0.3954901754807692 0.8924890552884615 0.40944915625 0.8718072451923077 0.41481799759615384 0.8494019519230769 0.4212606033653846 0.842508014423077 0.4405884254807692 0.8649133076923078 0.4513261033653846 0.8528489182692307 0.46850638942307693 0.8562958870192308 0.4878342091346154
0 0.07555754807692308 0.6854074951923077 0.10313329326923076 0.6907763341346154 0.12898555769230768 0.6929238701923077 0.1720726610576923 0.6875550312500001 0.2186067355769231 0.6875550312500001 0.25824687259615386 0.6875550312500001 0.2909930721153846 0.6886287980769231 0.3116748822115385 0.6789648870192307 0.32373927163461536 0.6789648870192307 0.371996829326923 0.6854074951923077 0.4047430288461538 0.6789648870192307 0.4081899975961539 0.6531944591346155 0.39784909134615387 0.6327928701923077 0.37889076442307695 0.6220551923076924 0.33752714423076924 0.6220551923076924 0.34442108173076924 0.61239128125 0.34786805048076924 0.6016536009615385 0.33752714423076924 0.588768389423077 0.34959153365384615 0.5780307091346154 0.34269759615384615 0.5619241923076923 0.3099513966346154 0.5576291201923077 0.3099513966346154 0.5737356370192308 0.2944400408653846 0.5769569423076922 0.2754817139423077 0.5866208533653846 0.2547999038461538 0.5844733173076923 0.22033021875 0.5844733173076923 0.19103098798076923 0.5909159230769231 0.16173175721153846 0.5866208533653846 0.1272620721153846 0.5866208533653846 0.1272620721153846 0.5780307091346154 0.09796284134615384 0.5726618701923077 0.09106890625 0.58984215625 0.07555754807692308 0.58984215625 0.06521664182692308 0.6080962091346154 0.04281134855769231 0.61239128125 0.029023473557692307 0.6295715673076923 0.006618177884615385 0.636014173076923 0.010065146634615385 0.6596370673076923 0.030746959134615386 0.67252228125 0.023853021634615387 0.6821861923076923 0.056599221153846156 0.6778911201923077 0.06521664182692308 0.6746698173076923 0.07555754807692308 0.6854074951923077
0 0.46851194230769233 0.57480940625 0.5047051129807693 0.57480940625 0.5460687331730769 0.5640717283653847 0.5667505432692308 0.5726618701923077 0.5650270576923077 0.5919896923076923 0.6046671947115384 0.5952109951923077 0.6356899110576923 0.5844733173076923 0.6563717211538461 0.5930634591346153 0.682223983173077 0.605948673076923 0.6632656586538462 0.6231289591346154 0.6287959735576922 0.6317191009615384 0.6132846177884616 0.6521206923076923 0.6219020360576923 0.6693009759615385 0.6443073317307693 0.6897025673076923 0.7080762475961537 0.6918501009615384 0.7408224471153846 0.6843337283653846 0.7546103197115385 0.6639321370192307 0.7632277403846154 0.6542682283653847 0.7632277403846154 0.6768173509615385 0.7976974254807693 0.6918501009615384 0.8269966562500001 0.6929238701923077 0.828720141826923 0.6746698173076923 0.7976974254807693 0.658563298076923 0.811485298076923 0.6413830120192308 0.8321671081730769 0.6295715673076923 0.842508014423077 0.6199076562499999 0.8373375600961539 0.605948673076923 0.8356140769230769 0.5844733173076923 0.8252731730769232 0.575883173076923 0.8063148461538462 0.5683668004807692 0.8028678774038462 0.5533340480769231 0.7976974254807693 0.5425963701923077 0.7856330360576924 0.5307849254807693 0.7115232139423077 0.5286373894230769 0.7046292788461539 0.5425963701923077 0.6873944375000001 0.5479652091346154 0.6632656586538462 0.5383013004807693 0.6201785528846154 0.54474390625 0.6287959735576922 0.5544078173076923 0.5926028052884615 0.5544078173076923 0.5943262908653846 0.5361537644230769 0.5994967427884615 0.5243423173076923 0.528833889423077 0.5200472451923077 0.4857467860576923 0.5200472451923077 0.42197787019230765 0.5211210144230769 0.43231877644230765 0.5350799951923076 0.4254248389423077 0.5565553533653846 0.4288718076923077 0.5715881033653847 0.46851194230769233 0.57480940625
0 0.5081520793269231 0.6295715673076923 0.4719589110576923 0.6306453341346153 0.47885284855769233 0.651046923076923 0.525386923076923 0.64997315625 0.5564096370192307 0.6349404062499999 0.5081520793269231 0.6295715673076923
0 0.035917411057692306 0.80781703125 0.03419392548076923 0.8271448509615384 0.010065146634615385 0.8335874591346154 0 0.8611510793269231 0.016959084134615384 0.8722431009615386 0.07211057932692308 0.876538173076923 0.1358794951923077 0.8743906370192308 0.22033021875 0.8711693341346154 0.2875461033653846 0.869021798076923 0.3633794086538461 0.869021798076923 0.39784909134615387 0.8668742620192307 0.43231877644230765 0.8668742620192307 0.4478301346153846 0.8786857067307692 0.49953465865384616 0.8786857067307692 0.49953465865384616 0.8647267259615384 0.5581331225961539 0.8658004951923076 0.5943262908653846 0.8625791899038462 0.5977732596153846 0.8754644038461539 0.6356899110576923 0.8819070120192307 0.6615421730769231 0.8733168701923077 0.678777016826923 0.8679480288461539 0.7046292788461539 0.8700955649038461 0.7425459302884616 0.8615054230769231 0.7804625841346154 0.869021798076923 0.8149322668269231 0.8733168701923077 0.8476784663461537 0.8636529591346154 0.8735307307692307 0.869021798076923 0.9114473822115384 0.8700955649038461 0.9459170649038462 0.8797594759615385 0.9872806875000001 0.8894233870192308 0.998845264423077 0.8647482019230769 0.9907276538461538 0.8207022427884615 0.9976215913461538 0.7562761730769231 0.9890041706730769 0.7197680673076923 0.9614284230769231 0.7326532812500001 0.9390231298076923 0.7369483509615384 0.9045534447115385 0.7466122620192308 0.8735307307692307 0.7369483509615384 0.8494019519230769 0.7509073341346154 0.8562958870192308 0.7777515312500001 0.8666367932692308 0.8035219591346153 0.8252731730769232 0.8056694951923077 0.7908034879807692 0.8035219591346153 0.7511633533653845 0.8185547091346154 0.7322050264423077 0.8282186201923077 0.6805005000000001 0.8271448509615384 0.6219020360576923 0.8271448509615384 0.5633035745192307 0.8282186201923077 0.528833889423077 0.8174809399038462 0.4857467860576923 0.8217760120192307 0.46851194230769233 0.8346612259615385 0.4478301346153846 0.831439923076923 0.39784909134615387 0.8260710841346154 0.37889076442307695 0.8142596370192308 0.3857847019230769 0.7960055841346154 0.42197787019230765 0.7852679038461539 0.4064665120192308 0.7594974759615384 0.3547619879807692 0.7584237091346153 0.33408017548076924 0.7831203701923077 0.2978870072115385 0.7820466009615384 0.21343628365384618 0.7766777620192309 0.2186067355769231 0.7573499399038461 0.16173175721153846 0.7584237091346153 0.07555754807692308 0.7584237091346153 0.016959084134615384 0.7605712451923077 0.008341663461538461 0.7777515312500001 0.011788632211538462 0.7992268870192307 0.035917411057692306 0.80781703125
0 0.8407845288461538 0.6392354759615385 0.828720141826923 0.64997315625 0.8476784663461537 0.6693009759615385 0.8528489182692307 0.681112423076923 0.9252352548076923 0.6854074951923077 0.9907276538461538 0.6875550312500001 0.9941746225961539 0.5458176730769231 0.9717693293269231 0.5383013004807693 0.9476405504807693 0.53722753125 0.9286822235576923 0.52971115625 0.8631898245192308 0.5350799951923076 0.8390610456730769 0.5522602812499999 0.8356140769230769 0.5651454951923077 0.8580193725961538 0.5962847644230769 0.8545724038461538 0.6145388173076923 0.8407845288461538 0.6392354759615385