0 0.7227848124999999 0.8881856538461539 0.7683544302884615 0.9040084375 0.8197106682692308 0.8776371298076923 0.8667269423076923 0.8111814326923077 0.9028933076923077 0.7331223629807693 0.9202531658653845 0.6582278509615385 0.9361663653846153 0.5991561177884616 0.9376130192307692 0.5137130793269231 0.9397830024038462 0.4630801706730769 0.9209764903846154 0.3860759495192308 0.9166365288461538 0.35337552884615386 0.8797468341346154 0.31118143269230775 0.8609403245192309 0.29957805769230766 0.004520793269230769 0.13607594951923077 0.00379746875 0.4135021081730769 0.6547920432692307 0.8512658197115385 0.7227848124999999 0.8881856538461539
0 0.3126582283653846 0.6698312259615384 0.3264014447115385 0.6297468365384616 0.25045207932692304 0.5770042211538462 0.01898734375 0.6265822788461539 0.011754069711538463 0.6297468365384616 0.09276672596153847 0.7225738413461538 0.3126582283653846 0.6698312259615384
0 0.3342857139423077 0.9958333341346154 0.006690776442307692 0.628691983173077 0.00018083173076923078 0.9293248966346154 0.04857142788461539 0.9958333341346154 0.3342857139423077 0.9958333341346154
0 0.9947558774038462 0.9356540072115384 0.8631103076923077 0.8291139254807691 0.8262206153846154 0.8765822788461539 0.7777576850961538 0.9008438822115384 0.7235081370192307 0.8934599158653846 0.5542495480769231 0.7911392427884615 0.5433996370192308 0.8069620240384616 0.5216998197115384 0.8333333341346154 0.6801085 0.9947257379807692 0.9933092235576922 0.9947257379807692 0.9947558774038462 0.9356540072115384
0 0.9094032548076924 0.33755274278846154 0.9376130192307692 0.4187763701923077 0.9368896923076923 0.5295358677884615 0.9971428581730769 0.55 0.9971428581730769 0.2 0.9824593125000001 0.20253164663461537 0.7661844495192308 0.17299577884615386 0.4819168173076923 0.13291139182692308 0.36618444951923074 0.12552742548076923 0.18318263942307694 0.11286919951923077 0.011030740384615385 0.08966244471153846 0.002350814903846154 0.14029535817307692 0.8486437596153846 0.2900843870192308 0.9094032548076924 0.33755274278846154
0 0.07540687259615385 0.07911392548076922 0.05587703365384615 0.08966244471153846 0.48915009134615384 0.13502109615384617 0.5209764903846155 0.1191983125 0.07540687259615385 0.07911392548076922
0 0.13471971153846155 0.7257383966346154 0.18173598557692308 0.7721518990384616 0.3553345408653846 0.9957805913461539 0.625858951923077 0.9936708870192308 0.37486437740384615 0.7679324879807693 0.16003616586538463 0.574894516826923 0.04864375961538462 0.47890295432692304 0.012477396634615386 0.4599156129807692 0.00018083173076923078 0.45675105528846155 0.009584086538461538 0.5928270048076923 0.13471971153846155 0.7257383966346154
0 0.26274864182692304 0.9071729951923077 0.2837251346153846 0.9050632908653846 0.005244122596153846 0.5907173004807692 0.005244122596153846 0.6202531634615384 0.26274864182692304 0.9071729951923077
0 0.9971428581730769 0.9166666658653846 0.9072332740384615 0.7204641322115385 0.8884267620192308 0.7489451466346153 0.9781193485576923 0.9229957788461539 0.9971428581730769 0.9166666658653846
0 0.9694394206730769 0.765822783653846 0.9108499086538462 0.7204641322115385 0.9723327307692308 0.8523206754807693 0.9824593125000001 0.8428270048076923 0.9694394206730769 0.765822783653846
0 0.9971428581730769 0.6583333341346154 0.9347197115384615 0.6191983125 0.9159131995192307 0.7183544302884616 0.9971428581730769 0.7791666658653846 0.9971428581730769 0.6583333341346154
0 0.2837251346153846 0.43037974519230765 0.2924050625 0.3449367091346154 0.007414105769230768 0.23628692067307694 0.011030740384615385 0.2468354423076923 0.012477396634615386 0.3270042211538462 0.2837251346153846 0.43037974519230765