0 0.44365268028846155 0.1931908125 0.43098442548076926 0.13407231490384613 0.39825811538461536 0.11401425240384616 0.2905779903846154 0.08023225240384615 0.21667986298076924 0.07917656490384616 0.21562417307692308 0.21113750240384616 0.2926893653846154 0.21536025240384615 0.44365268028846155 0.1931908125
0 0.7740828701923077 0.2090261298076923 0.7709158076923077 0.1720770673076923 0.4806017427884616 0.17418843990384614 0.4953813677884616 0.19107943990384615 0.5101609903846154 0.2132488798076923 0.7740828701923077 0.2090261298076923
0 0.6315650576923078 0.3019266322115385 0.6970176850961539 0.3441541298076923 0.7117973076923078 0.3747690673076923 0.7212984975961538 0.4169965697115385 0.7593032451923077 0.4180522572115385 0.7814726850961539 0.38743731971153844 0.7783056225961539 0.3188176322115384 0.7656373725961539 0.29559250721153846 0.7751385600961539 0.2713116923076923 0.23673792548076925 0.21747162740384615 0.2261810480769231 0.21852731490384616 0.21667986298076924 0.25125363221153846 0.6315650576923078 0.3019266322115385
0 0.6252309326923077 0.45500131971153845 0.6695698076923077 0.44338875480769235 0.7117973076923078 0.38638163221153843 0.6949063076923078 0.33570863221153846 0.6537344927884615 0.3230403822115384 0.21667986298076924 0.2501979423076923 0.2230139855769231 0.2797571923076923 0.6009501201923076 0.3409870673076923 0.6115069951923077 0.36632356971153845 0.6252309326923077 0.45500131971153845
0 0.5682238052884615 0.4908946923076923 0.6315650576923078 0.4539456322115385 0.6125626802884615 0.3462655072115384 0.21984692548076923 0.2776458173076923 0.22090261298076924 0.30298231490384614 0.48904724038461533 0.3789918173076923 0.5302190528846153 0.4581683822115385 0.5682238052884615 0.4908946923076923
0 0.34019530288461536 0.4634468173076923 0.34125099038461537 0.4951174447115385 0.35708630288461535 0.5109527596153847 0.43098442548076926 0.5362892572115384 0.4985484302884616 0.5193982572115384 0.5186064927884615 0.4539456322115385 0.49326999038461533 0.38004750721153846 0.23040380048076925 0.2945368173076923 0.2187912403846154 0.37054631971153845 0.30535761298076924 0.4043283197115385 0.3349168677884615 0.43283187980769233 0.34019530288461536 0.4634468173076923
0 0.23673792548076925 0.5795724447115385 0.2684085504807692 0.5700712572115385 0.3116917379807692 0.5288994447115385 0.34758511538461534 0.4845605697115385 0.34758511538461534 0.4402216923076923 0.3243599903846154 0.41171813221153847 0.30219055048076926 0.3895486923076923 0.21773555048076923 0.37054631971153845 0.2261810480769231 0.5120084447115384 0.2420163653846154 0.5236210096153846 0.23673792548076925 0.5795724447115385
0 0.21562417307692308 0.5605700721153846 0.2124571105769231 0.5943520721153847 0.2261810480769231 0.6017418846153846 0.23145948798076924 0.5901293197115385 0.24096067548076924 0.5827395120192308 0.23990498557692305 0.5510688846153846 0.23779361298076923 0.5341778846153846 0.21984692548076923 0.5077856923076923 0.2187912403846154 0.5215096322115385 0.21034573798076922 0.5341778846153846 0.21562417307692308 0.5605700721153846
0 0.22406967548076923 0.7938770144230769 0.2768540528846154 0.7822644495192308 0.3159144879807692 0.7611506971153846 0.3328054879807692 0.7273686971153845 0.3423066754807692 0.6861968846153845 0.3349168677884615 0.6460807596153846 0.32224861298076923 0.6080760096153847 0.27263130288461535 0.5764053822115385 0.24518342548076924 0.5785167596153846 0.22195830288461538 0.6038532572115385 0.21562417307692308 0.6376352572115385 0.22406967548076923 0.7938770144230769
0 0.33597255048076924 0.6682501995192307 0.3507521778846154 0.7115333870192307 0.38875692788461536 0.7157561370192307 0.4362628677884616 0.6904196346153846 0.47426761778846155 0.6460807596153846 0.47954605288461544 0.5964634495192308 0.4594879903846154 0.5457904447115385 0.4151491153846154 0.5362892572115384 0.3454737379807692 0.49934019471153845 0.2852995504807692 0.5552916346153846 0.28318817788461537 0.5880179471153846 0.3180258629807692 0.6281340721153845 0.33597255048076924 0.6682501995192307
0 0.47849036778846155 0.5985748221153846 0.47426761778846155 0.6408023245192307 0.5038268677884615 0.6429136971153846 0.5333861153846153 0.6323568221153846 0.5713908677884615 0.6038532572115385 0.5766693076923077 0.5732383197115385 0.5787806802884615 0.5457904447115385 0.5777249951923077 0.5362892572115384 0.5671681201923077 0.5141198221153845 0.5270519903846154 0.4898390096153846 0.49221430769230773 0.5109527596153847 0.47004486778846155 0.5320665072115385 0.46476643028846154 0.5595143822115385 0.47849036778846155 0.5985748221153846
0 0.5851148052884615 0.5774610721153846 0.6030614927884616 0.5859065745192308 0.6283979951923077 0.5764053822115385 0.6452889951923078 0.5626814447115385 0.6621799951923077 0.5468461322115384 0.6727368701923078 0.5098970721153846 0.6822380576923077 0.4813935072115385 0.6526788076923077 0.46027975480769234 0.6104513076923077 0.4634468173076923 0.5608339903846153 0.4961731322115384 0.5787806802884615 0.5267880721153846 0.5787806802884615 0.5574030096153846 0.5851148052884615 0.5774610721153846
0 0.6949063076923078 0.5489575072115385 0.7244655600961539 0.5626814447115385 0.7561361826923078 0.5384006346153846 0.7677487475961539 0.4919503822115385 0.7751385600961539 0.4486671947115385 0.7508577475961539 0.42755344471153844 0.6980733677884616 0.42016363221153846 0.6748482451923077 0.4359989423076923 0.6558458701923077 0.44655581730769234 0.6695698076923077 0.4750593822115385 0.6653470576923077 0.5046186322115385 0.6706254927884616 0.5299551322115384 0.6949063076923078 0.5489575072115385
0 0.4943256802884616 0.2132488798076923 0.49221430769230773 0.19002375 0.24412773798076925 0.20374768990384615 0.24307204807692306 0.2195830048076923 0.2715756129807692 0.22591712980769232 0.4943256802884616 0.2132488798076923