0 0.38057785817307693 0.3685516658653846 0.4305976057692308 0.3738317740384615 0.4444188485576923 0.32525476201923076 0.43915361298076927 0.2893500168269231 0.43915361298076927 0.2576693605769231 0.4213834399038462 0.234436875 0.10020402884615386 0.22387665625 0.004771620192307692 0.2217646105769231 0.002797158653846154 0.3706637115384615 0.028465182692307692 0.3717197355769231 0.38057785817307693 0.3685516658653846
0 0.45824009615384614 0.2914620625 0.4424443870192307 0.36432757692307693 0.44573515865384616 0.3843919951923077 0.48390812259615384 0.38861608413461535 0.5181321586538462 0.3601034903846154 0.5174740024038461 0.3146945480769231 0.5168158485576924 0.2661175360576923 0.5029946009615385 0.23549289903846155 0.4299394495192308 0.23971698798076924 0.4378373028846154 0.2650615144230769 0.44902593028846155 0.31258250240384616 0.45824009615384614 0.2914620625
0 0.5661774399038462 0.29040603846153845 0.5622285096153846 0.23654892067307692 0.5089179927884616 0.2376049423076923 0.5181321586538462 0.36327155288461543 0.5694682115384615 0.34848724759615385 0.5661774399038462 0.29040603846153845
0 0.0008226947115384616 0.68958234375 0.004113463942307692 0.7518876394230769 0.012011319711538461 0.7444954855769231 0.04294458413461539 0.7444954855769231 0.056765826923076926 0.7307671971153845 0.06795445432692307 0.6251650048076923 0.07190338461538462 0.5470193774038461 0.056107673076923076 0.43824911298076924 0.03043964903846154 0.4213527620192308 0.015302091346153845 0.3738317740384615 0.015960247596153845 0.4002323221153846 0.004113463942307692 0.4086805024038461 0.0008226947115384616 0.68958234375
0 0.06005660096153846 0.7180949375 0.14100960817307692 0.7307671971153845 0.17260102884615386 0.6885263221153846 0.17589180048076924 0.5998204735576923 0.18115703605769232 0.5058345192307692 0.16338686298076924 0.43824911298076924 0.12982098317307694 0.42240878605769233 0.07848493028846154 0.4202967403846154 0.0508424375 0.3833359711538461 0.03702119471153846 0.426632875 0.07058707451923077 0.48154601682692305 0.06729630288461538 0.6135487620192308 0.06005660096153846 0.7180949375
0 0.17391733413461538 0.4329690048076923 0.15351454567307693 0.3938961923076923 0.11731604567307692 0.37594381971153845 0.07058707451923077 0.3822799495192308 0.07321969471153845 0.4065684567307692 0.09625510096153846 0.4213527620192308 0.14824931009615383 0.4350810504807692 0.17391733413461538 0.4329690048076923
0 0.17984072596153847 0.6526215769230769 0.2772475985576923 0.6325571586538461 0.29041068990384616 0.6209409158653846 0.3042319326923077 0.5808120793269231 0.3015993173076923 0.5290670048076923 0.3075227067307692 0.4562014903846154 0.28843622596153845 0.3949522139423077 0.2627681971153846 0.3738317740384615 0.16404501682692307 0.3822799495192308 0.16536132692307692 0.4329690048076923 0.18444781009615385 0.5206188293269232 0.17589180048076924 0.6029885432692308 0.17984072596153847 0.6526215769230769
0 0.29896669711538465 0.6209409158653846 0.33779781249999996 0.6325571586538461 0.3529353701923077 0.582924125 0.3588587596153846 0.4752098870192307 0.34635382451923075 0.4202967403846154 0.31673687019230773 0.3854480168269231 0.29896669711538465 0.36432757692307693 0.29765038701923074 0.45092137740384614 0.2969922331730769 0.5332910913461538 0.30291562259615384 0.6008764975961538 0.29896669711538465 0.6209409158653846
0 0.35556798557692304 0.5903162764423077 0.36741476682692303 0.5871482139423077 0.39308279567307697 0.5660277740384616 0.39834803125 0.48154601682692305 0.39703172115384616 0.42240878605769233 0.3884757139423077 0.37699984134615383 0.3154205600961539 0.37277575240384614 0.3443793581730769 0.4171286778846154 0.35820060576923074 0.46887375240384616 0.35556798557692304 0.5903162764423077
0 0.38584309615384615 0.5787000384615385 0.4463933125 0.5702518581730769 0.4733776490384616 0.5068905432692308 0.46350533173076924 0.41501663221153845 0.45165855048076925 0.3780558653846154 0.3911083317307692 0.3780558653846154 0.39834803125 0.42557685336538464 0.40427142307692304 0.4857701009615385 0.38584309615384615 0.5787000384615385
0 0.5530143485576923 0.4340250288461539 0.5339278653846153 0.3854480168269231 0.4681124110576923 0.38967210817307696 0.46679610096153845 0.5090025865384615 0.4628471754807692 0.5290670048076923 0.5451164927884615 0.5248429158653847 0.5530143485576923 0.4340250288461539
0 0.6471304471153847 0.5280109831730769 0.6727984711538462 0.51217065625 0.6681913918269231 0.48893817067307693 0.7096551274038462 0.486826125 0.7122877475961539 0.44458524759615387 0.6964920360576923 0.4403611586538462 0.6964920360576923 0.37699984134615383 0.6681913918269231 0.37911188701923076 0.5247137043269231 0.3569354230769231 0.5431420288461538 0.45092137740384614 0.5470909567307692 0.5185067860576923 0.6293602740384615 0.5174507620192308 0.6471304471153847 0.5280109831730769
0 0.5951362403846153 0.6336131802884615 0.5878965384615384 0.5258989374999999 0.5319534014423077 0.5322350673076923 0.5247137043269231 0.5364591586538462 0.5174740024038461 0.6462854399038461 0.5951362403846153 0.6336131802884615
0 0.47008687740384614 0.6885263221153846 0.5247137043269231 0.6610697524038461 0.5227392403846154 0.5396272259615384 0.46613794951923077 0.5364591586538462 0.4450770024038461 0.5787000384615385 0.4529748581730769 0.6758540576923077 0.47008687740384614 0.6885263221153846
0 0.45165855048076925 0.7539996826923077 0.44902593028846155 0.6631817956730769 0.44310253846153846 0.5787000384615385 0.37991970432692307 0.5892602548076923 0.3937409495192308 0.74977559375 0.40624588701923076 0.7645599038461538 0.45165855048076925 0.7539996826923077
0 0.36280768750000003 0.7793442091346154 0.39045017548076927 0.7508316153846154 0.3897920240384615 0.5987644519230769 0.36741476682692303 0.5850361706730769 0.33779781249999996 0.6251650048076923 0.2969922331730769 0.6568456610576923 0.30225746875000004 0.7677279663461539 0.36280768750000003 0.7793442091346154
0 0.1686520985576923 0.7275991346153846 0.19102935096153845 0.7677279663461539 0.19366197115384615 0.8838903846153846 0.25750296153846153 0.8860024302884616 0.2831709903846154 0.8754422091346155 0.30028300721153844 0.7698400120192308 0.29765038701923074 0.6494535096153846 0.2607937355769231 0.6420613557692308 0.17984072596153847 0.6600137283653846 0.17589180048076924 0.679022125 0.1495656201923077 0.7223190216346154 0.1686520985576923 0.7275991346153846
0 0.00937869951923077 0.8078568028846154 0.017934711538461538 0.8923385600961539 0.025832567307692306 0.9799883846153846 0.12718836298076924 0.9810444062499999 0.17918256971153845 0.9916046274038461 0.19168750721153846 0.8881144735576924 0.19300381730769228 0.7677279663461539 0.17457549038461537 0.7318232211538462 0.06795445432692307 0.7275991346153846 0.05150059134615385 0.7328792427884616 0.004771620192307692 0.7582237692307692 0.00937869951923077 0.8078568028846154
0 0.02978149278846154 0.9673161177884615 0.029123338942307692 0.908178891826923 0.005429774038461539 0.7656159254807692 0.00016453846153846152 0.9916046274038461 0.013985786057692308 0.9873805360576923 0.02978149278846154 0.9673161177884615