0 0 0.5735294110576923 0.0021974302884615387 0.5895030408653846 0.01910074278846154 0.6053498990384616 0.037412665865384616 0.6412694399038461 0.0669934639423077 0.6708502379807691 0.0979828701923077 0.6423258966346155 0.11770340384615384 0.5895030408653846 0.14728420192307692 0.5102687620192308 0.13038088701923078 0.4363167668269231 0.11418187980769232 0.4299780240384615 0.1169990985576923 0.41307471394230766 0.050794456730769225 0.39194557211538467 0.03107392307692308 0.4035665985576923 0 0.4338235288461538 0.009240475961538461 0.49442190625 0 0.4975490192307692 0 0.5735294110576923
0 0.1353110216346154 0.5567528725961538 0.20785440625 0.5715432716346154 0.2578600408653846 0.5757691009615384 0.26208587019230767 0.48913962259615384 0.25645143028846157 0.44476842307692305 0.23532228846153844 0.35919540144230766 0.15573585817307695 0.3644776899038461 0.11911201201923077 0.4067359711538462 0.1367196298076923 0.48702670913461543 0.1353110216346154 0.5567528725961538
0 0.27053752644230766 0.3602518605769231 0.2980054086538461 0.4151876274038461 0.3212474639423077 0.40990534134615386 0.3325163389423077 0.39194557211538467 0.3811133653846154 0.38349391346153844 0.3754789254807692 0.31059837740384616 0.37125309855769234 0.24826740865384614 0.32617759855769235 0.22185598317307692 0.2761719615384615 0.23875929567307694 0.26983322115384617 0.24826740865384614 0.2627901730769231 0.3116548341346154 0.27053752644230766 0.3602518605769231
0 0.2832150096153846 0.6571162932692308 0.30011832451923076 0.7352941177884615 0.38040906009615383 0.7416328605769231 0.42830178125 0.69514875 0.43393621875000005 0.5683739014423077 0.44872661778846157 0.45638945432692307 0.4318233028846154 0.41624408413461544 0.3987209831730769 0.3887762019230769 0.3402636923076923 0.38138099999999997 0.3395593870192308 0.4003972283653846 0.29237097115384614 0.42046991105769227 0.2627901730769231 0.4458248822115385 0.23391368028846155 0.560978701923077 0.27546765865384615 0.5873901274038462 0.2649030889423077 0.640212983173077 0.2832150096153846 0.6571162932692308
0 0.08248816826923076 0.7595926298076924 0.10573022355769231 0.8314317115384615 0.1310851923076923 0.8726335360576923 0.17545638942307692 0.9022143341346154 0.2592686514423077 0.8874239350961539 0.29237097115384614 0.85889959375 0.3226560745192308 0.7511409735576924 0.2895537524038462 0.637043610576923 0.2543385168269231 0.6307048677884615 0.26208587019230767 0.6106321826923077 0.2522256033653846 0.5789384735576923 0.13460671634615384 0.5567528725961538 0.10080008894230769 0.6116886418269231 0.08178386298076923 0.70360040625 0.08248816826923076 0.7595926298076924
0 0.464925625 0.7437457740384615 0.5085925168269231 0.7775523990384615 0.6297329278846154 0.7817782283653846 0.6248027932692307 0.7300118341346155 0.6381845841346153 0.6254225841346154 0.6022650432692308 0.5049864783653846 0.519861391826923 0.4648411081730769 0.4464541658653846 0.4648411081730769 0.41773720913461543 0.6550033798076923 0.4304146947115385 0.6898664639423077 0.4663342355769231 0.6835277211538462 0.464925625 0.7437457740384615
0 0.714953798076923 0.5578093317307693 0.7762283076923077 0.41941345673076924 0.6684696850961539 0.29897735096153844 0.5966306057692308 0.29792089182692305 0.5416948389423077 0.3750422572115385 0.5360604014423077 0.45850236778846154 0.6135339206730769 0.5176639639423077 0.6719912115384615 0.5789384735576923 0.714953798076923 0.5578093317307693
0 0.703684920673077 0.7733265721153846 0.8163736754807692 0.8346010817307692 0.8283468557692307 0.6201402956730769 0.7867928774038462 0.5620351586538461 0.7093193605769231 0.5493576730769231 0.6593137259615385 0.5937288701923077 0.6501577644230768 0.8029073701923076 0.6903031322115385 0.8419962812499999 0.703684920673077 0.7733265721153846
0 0.7494647283653847 0.3993407692307693 0.7614379086538462 0.3824374591346154 0.7924273149038462 0.3623647740384615 0.8339812932692308 0.34968728846153846 0.8170779807692308 0.3232758629807692 0.7987660576923077 0.24087221153846153 0.7628465168269231 0.1679766730769231 0.7212925384615385 0.13100067548076924 0.6748084302884615 0.12360547596153845 0.6374802788461539 0.10353279086538461 0.5931090841346154 0.15529918990384614 0.5818402067307692 0.22819472596153847 0.5853617307692308 0.28101757932692306 0.6015607379807693 0.30109026442307696 0.6705826009615384 0.2958079783653846 0.7198839302884615 0.3665906033653846 0.7494647283653847 0.3993407692307693
0 0.7860885745192309 0.5567528725961538 0.8241210288461538 0.6433823533653846 0.8501803028846153 0.7669878293269231 0.9544173990384616 0.9962390120192308 0.9983660120192308 0.9950980384615384 0.9983660120192308 0.759803920673077 0.8318683798076923 0.35285665865384613 0.7762283076923077 0.3708164278846154 0.7649594302884615 0.39722785817307693 0.7459432043269231 0.4965348221153846 0.7860885745192309 0.5567528725961538
0 0.7255183677884616 0.979335701923077 0.7271241826923076 0.9975490192307692 0.8839869278846154 0.993069641826923 0.881874014423077 0.9550371850961539 0.8741266610576923 0.9328515889423077 0.8720137475961539 0.9127789038461539 0.8452501682692308 0.85889959375 0.7938359254807692 0.8187542259615385 0.703684920673077 0.7807217716346154 0.6501577644230768 0.9909567283653846 0.68819021875 0.9962390120192308 0.70791075 0.9962390120192308 0.7255183677884616 0.979335701923077
0 0.3825219735576923 0.03803245432692308 0.35716700480769226 0 0.32195176923076924 0.02429851201923077 0.3043441514423077 0.019016228365384615 0.27053752644230766 0.00845165625 0.2465911658653846 0.0042258293269230775 0.2465911658653846 0.03591953846153846 0.2965967980769231 0.04859702403846154 0.3536454807692308 0.06972616586538462 0.3825219735576923 0.03803245432692308
0 0.7001633990384615 0.10775862019230768 0.7311528052884615 0.05810513942307693 0.7381958533653846 0.00845165625 0.5931090841346154 0.0031693701923076923 0.5733885504807692 0.09719404807692308 0.6015607379807693 0.11621027644230769 0.6529749831730769 0.10458925 0.7001633990384615 0.10775862019230768