0 0.9789040625 0.013748757211538462 0.038632120192307697 0.2908390961538462 0.05686857932692308 0.32997017548076923 0.9934932307692308 0.029612709134615386 0.997767858173077 0.01941747596153846 0.9789040625 0.013748757211538462
0 0.04592670192307692 0.4589969735576923 0.07656395913461539 0.4367874423076923 0.09407096153846153 0.41140512259615386 0.13492063461538462 0.38390760817307695 0.1516981778846154 0.34583412740384617 0.997767858173077 0.05177993509615385 0.9934932307692308 0.028555110576923077 0.05540966346153846 0.32785498317307693 0.03352591105769231 0.3416037403846154 0.021125115384615385 0.35323730528846153 0.01528944951923077 0.4325570576923077 0.04592670192307692 0.4589969735576923
0 0.9971405216346153 0.07720456009615385 0.9942226899038461 0.056052625 0.14075630288461538 0.35535249759615384 0.13710901201923076 0.38073481971153844 0.15461601442307693 0.38813799759615386 0.21078431490384614 0.3701588509615385 0.9971405216346153 0.07720456009615385
0 0.11084850721153847 0.5562958725961539 0.14367413701923076 0.5256255697115384 0.21880835817307692 0.5002432451923077 0.21443160576923076 0.4452482163461538 0.25965802884615385 0.4071747355769231 0.9956816057692308 0.10681726923076923 0.9913048557692308 0.08355013942307693 0.15315709615384615 0.39236838221153847 0.15899276442307692 0.38496520432692305 0.07875233413461538 0.41563551201923077 0.07218720673076923 0.4854368942307692 0.09552987980769231 0.5404319230769231 0.11084850721153847 0.5562958725961539
0 0.997767858173077 0.15210356009615383 0.9971405216346153 0.10575967307692308 0.24069211057692305 0.41246271875 0.20494864423076922 0.4589969735576923 0.21734943990384614 0.49601286057692306 0.25965802884615385 0.5023584399038461 0.997767858173077 0.15210356009615383
0 0.17722922596153845 0.6546523677884615 0.21880835817307692 0.6810922836538461 0.2975898677884615 0.6049453245192308 0.3296860408653846 0.5436047115384615 0.997767858173077 0.2103559879807692 0.9964110649038461 0.15229392788461538 0.26476423798076926 0.5034160384615385 0.2465277764423077 0.49495526201923074 0.18890056009615386 0.5118768125 0.17139355769230769 0.5319711490384615 0.15534547115384617 0.5658142427884616 0.17722922596153845 0.6546523677884615
0 0.21807889663461538 0.7085898004807691 0.23047969230769233 0.6884954639423077 0.20421918749999998 0.6715739158653846 0.18379435096153846 0.6715739158653846 0.18233543509615385 0.6504219807692307 0.15023926442307692 0.5742750168269231 0.14075630288461538 0.6599403533653846 0.1677462668269231 0.6958986418269231 0.18744164182692308 0.7128201875000001 0.21807889663461538 0.7085898004807691
0 0.2997782451923077 0.6578251586538462 0.3143674134615385 0.6377308221153846 0.3005077043269231 0.6197516754807691 0.26476423798076926 0.6366732235576923 0.26257586298076924 0.6715739158653846 0.27059990624999997 0.6832074783653846 0.2997782451923077 0.6578251586538462
0 0.2654936971153846 0.6747467043269231 0.2523634471153846 0.6673435264423078 0.23485644230769231 0.6821498846153846 0.24142156971153844 0.7033018149038461 0.2654936971153846 0.7001290264423077 0.2654936971153846 0.6747467043269231
0 0.997767858173077 0.26860841346153846 0.997767858173077 0.21359223317307693 0.3245798317307692 0.5425471153846154 0.3216619975961538 0.55735346875 0.3026960793269231 0.6155212884615384 0.31290849759615386 0.6504219807692307 0.3639705889423077 0.6260972548076923 0.997767858173077 0.26860841346153846
0 0.3187441658653846 0.8365590024038462 0.3398984591346154 0.8270406346153846 0.3843954230769231 0.7889671514423077 0.997767858173077 0.3624595480769231 0.997767858173077 0.2718446610576923 0.37637138221153843 0.6250396610576924 0.2822712403846154 0.6832074783653846 0.2633053221153846 0.7318569278846153 0.2939425793269231 0.7963703269230769 0.3187441658653846 0.8365590024038462
0 0.28008286538461535 0.8481925673076923 0.29686041105769234 0.8481925673076923 0.31072012019230766 0.8407893918269231 0.29321311778846154 0.7942551370192308 0.26257586298076924 0.7297417355769231 0.26403478125 0.7107049927884616 0.23120914903846154 0.7085898004807691 0.2333975264423077 0.7445480865384616 0.24288048557692307 0.8154070673076923 0.28008286538461535 0.8481925673076923
0 0.22391456490384615 0.8820356634615384 0.2363153605769231 0.8725172908653847 0.2523634471153846 0.8492501658653846 0.24871615384615384 0.8196374567307692 0.24506886057692306 0.7773335865384615 0.23266806730769232 0.7318569278846153 0.19838351923076925 0.75829684375 0.18525326682692309 0.7984855216346154 0.2005718942307692 0.8418469879807693 0.22391456490384615 0.8820356634615384
0 0.997767858173077 0.43365695673076926 0.997767858173077 0.36569579326923074 0.38731325961538465 0.7836791682692308 0.3676178798076923 0.806946295673077 0.3778302980769231 0.8577109375 0.4150326802884615 0.8809780649038461 0.997767858173077 0.43365695673076926
0 0.31947362259615386 0.917993951923077 0.3260387475961538 0.908475579326923 0.339169 0.9275123197115385 0.34354575240384616 0.9380882884615385 0.3493814206730769 0.9528946418269231 0.3632411298076923 0.9719313822115385 0.3668884230769231 0.9899105264423077 0.39241946875 0.9761617692307692 0.3931489254807692 0.9677009975961539 0.39679621875 0.9528946418269231 0.42305672355769236 0.9423186754807692 0.45296451923076925 0.9338579038461539 0.5149684855769231 0.8883812427884615 0.5135095721153846 0.8756900817307692 0.5193452379807693 0.8513653557692307 0.5332049495192307 0.8312710192307692 0.5463352019230769 0.8164646658653846 0.5580065360576923 0.8154070673076923 0.5674894951923076 0.8164646658653846 0.5638422043269231 0.7921399423076922 0.5747840793269231 0.7857943629807692 0.591561625 0.7836791682692308 0.6032329591346154 0.8154070673076923 0.6119864615384615 0.7963703269230769 0.6119864615384615 0.7783911850961539 0.6236577956730769 0.7593544423076923 0.6353291322115384 0.730799329326923 0.649188841346154 0.7477208798076924 0.6433531730769231 0.7667576201923076 0.6710725961538462 0.7466632812499999 0.698792016826923 0.7170505721153847 0.707545516826923 0.7159929783653846 0.7520424831730769 0.6779194951923077 0.7848681129807692 0.6451339975961539 0.8403069543269232 0.6060029182692308 0.8643790841346154 0.5711022259615385 0.8658380024038461 0.5520654855769231 0.9132528004807692 0.5351439375 0.9584792259615385 0.5266831658653847 0.9913048557692308 0.4759185240384615 0.997767858173077 0.44983818750000004 0.9971405216346153 0.43890263701923077 0.43035130769230767 0.8619413245192308 0.3814775913461539 0.8545381490384615 0.339169 0.8619413245192308 0.3070728269230769 0.8989572115384615 0.3070728269230769 0.9222243365384616 0.31947362259615386 0.917993951923077
0 0 0.4401294495192308 0.021125115384615385 0.43890263701923077 0.01747782451923077 0.37650443028846153 0.01747782451923077 0.3479493197115385 0.038632120192307697 0.3394885480769231 0.013101074519230769 0.32045180528846157 0 0.33009708653846154 0 0.4401294495192308
0 0 0.4854368942307692 0.03498482932692308 0.46216976682692307 0.024042951923076924 0.4293842692307692 0.0007002788461538462 0.44736341105769234 0 0.4466019423076923 0 0.4854368942307692
0 0.053221288461538466 0.5076464230769231 0.04082049519230769 0.4695729423076923 0.005077031250000001 0.4928400721153846 0 0.5598705504807693 0.05613912259615384 0.5351439375 0.053221288461538466 0.5076464230769231
0 0.005077031250000001 0.5636990528846154 0.00288865625 0.6112909038461539 0.06051587259615385 0.59013896875 0.05686857932692308 0.5372591322115384 0.005077031250000001 0.5636990528846154
0 0.06999883173076923 0.6007149350961538 0.054680204326923075 0.5880237740384615 0.006535949519230769 0.6112909038461539 0 0.6666666658653846 0.01966620192307692 0.6768618990384615 0.07437558173076923 0.6588827548076923 0.06999883173076923 0.6007149350961538