0 0.24186440625 0.34234808653846155 0.23925684374999998 0.25556559134615386 0.2262190360576923 0.25025237740384615 0.23404172115384617 0.3069266610576923 0.2249152548076923 0.3246373725961539 0.20926988221153844 0.32109523076923074 0.19362450961538463 0.26619201923076924 0.18710560576923077 0.23962594951923075 0.19101694951923076 0.33703487259615383 0.2040547596153846 0.3405770144230769 0.23664928365384613 0.32995058653846154 0.24186440625 0.34234808653846155
0 0.20666231971153845 0.2909870168269231 0.21578878846153846 0.2945291610576923 0.2053585408653846 0.2360838076923077 0.20666231971153845 0.2909870168269231
0 0.25490221634615384 0.28567380528846154 0.2601173389423077 0.2980713028846154 0.25750977884615384 0.23431273557692306 0.25490221634615384 0.28567380528846154
0 0.2601173389423077 0.3512034423076923 0.2653324639423077 0.37776951201923076 0.27576271153846155 0.38485379807692305 0.27837027403846154 0.40787772596153843 0.28749674038461537 0.41141986778846157 0.28749674038461537 0.3795405841346154 0.2835853966346154 0.2892159471153846 0.27315514903846155 0.2679630913461538 0.27576271153846155 0.3529745144230769 0.2692438076923077 0.3246373725961539 0.25881356009615386 0.32109523076923074 0.2601173389423077 0.3512034423076923
0 0.27615384615384614 0.23510971875 0.27692307692307694 0.27377220432692306 0.2830769230769231 0.2842215264423077 0.2823076923076923 0.24137931009615385 0.27615384615384614 0.23510971875
0 0.31 0.3740856850961538 0.3123076923076923 0.3876698004807692 0.31846153846153846 0.39498432692307694 0.33384615384615385 0.40334378365384616 0.33615384615384614 0.4252873557692308 0.3453846153846154 0.43260187980769227 0.34461538461538466 0.3458725192307692 0.33384615384615385 0.3458725192307692 0.33384615384615385 0.38557993749999997 0.32076923076923075 0.3709508870192308 0.3107692307692308 0.26541274759615385 0.3046153846153846 0.26123301923076925 0.3076923076923077 0.35945663461538463 0.3 0.34691744951923076 0.2969230769230769 0.29571577884615385 0.2969230769230769 0.28944618509615383 0.28923076923076924 0.29153605048076925 0.2938461538461538 0.37304075240384615 0.3007692307692308 0.37617554807692305 0.30153846153846153 0.3646812956730769 0.31 0.3740856850961538
0 0.3523076923076923 0.35527690625 0.35461538461538467 0.3782654134615384 0.35615384615384615 0.3939393942307692 0.36153846153846153 0.40543364663461534 0.40384615384615385 0.4106583076923077 0.4169230769230769 0.4106583076923077 0.42461538461538456 0.4106583076923077 0.42923076923076925 0.45559038701923077 0.4369230769230769 0.4702194350961539 0.44692307692307687 0.4733542331730769 0.4507692307692308 0.4587251826923077 0.4453846153846154 0.45141065865384616 0.4407692307692308 0.44723093028846156 0.44 0.4106583076923077 0.43846153846153846 0.32497387740384615 0.43 0.32183907932692307 0.42615384615384616 0.39498432692307694 0.40538461538461534 0.4002089855769231 0.38769230769230767 0.4002089855769231 0.3761538461538461 0.39916405528846155 0.36846153846153845 0.39498432692307694 0.3646153846153846 0.3897596658653846 0.3638461538461539 0.34796238221153847 0.3638461538461539 0.32497387740384615 0.35615384615384615 0.31765935096153847 0.34923076923076923 0.3187042836538462 0.31923076923076926 0.28317659375 0.31153846153846154 0.23824451442307693 0.3123076923076923 0.2978056418269231 0.3123076923076923 0.2884012548076923 0.3453846153846154 0.33019853605769234 0.3523076923076923 0.35527690625
0 0.3584615384615385 0.2925809831730769 0.35923076923076924 0.27377220432692306 0.3515384615384616 0.26959247596153846 0.3507692307692307 0.3103448269230769 0.35615384615384615 0.3155694879807692 0.3576923076923077 0.28317659375 0.3584615384615385 0.2925809831730769
0 0.39 0.2789968653846154 0.3976923076923077 0.2789968653846154 0.3923076923076923 0.23719958173076924 0.38769230769230767 0.24242424278846153 0.39 0.2580982235576923 0.3915384615384615 0.27272727163461535 0.37307692307692303 0.2789968653846154 0.36153846153846153 0.2507836995192308 0.36153846153846153 0.3030303028846154 0.36846153846153845 0.30721003125 0.3692307692307692 0.29049111778846154 0.39 0.2789968653846154
0 0.3984615384615384 0.276907 0.42230769230769233 0.276907 0.43230769230769234 0.2716823413461538 0.4230769230769231 0.2236154639423077 0.4230769230769231 0.24660397115384616 0.4230769230769231 0.26227795192307696 0.3984615384615384 0.26541274759615385 0.3984615384615384 0.276907
0 0.47230769230769226 0.2978056418269231 0.4807692307692308 0.3030303028846154 0.4876923076923077 0.2925809831730769 0.5146153846153847 0.2936259134615385 0.5146153846153847 0.3228840120192308 0.5069230769230769 0.3322884014423077 0.4423076923076923 0.33855799278846155 0.44 0.3458725192307692 0.5176923076923077 0.3364681298076923 0.5223076923076924 0.32079414903846154 0.52 0.23406478605769232 0.5146153846153847 0.23824451442307693 0.5123076923076924 0.26227795192307696 0.5 0.2675026129807692 0.49461538461538457 0.2675026129807692 0.4930769230769231 0.26123301923076925 0.48846153846153845 0.25600836057692306 0.4869230769230769 0.2633228846153846 0.48615384615384616 0.2748171370192308 0.47923076923076924 0.27377220432692306 0.4776923076923077 0.26123301923076925 0.47230769230769226 0.25600836057692306 0.46923076923076923 0.2675026129807692 0.47000000000000003 0.2758620697115385 0.45769230769230773 0.27377220432692306 0.4538461538461539 0.2580982235576923 0.44846153846153847 0.24764890384615384 0.44692307692307687 0.28317659375 0.4538461538461539 0.2852664567307692 0.4676923076923077 0.2810867283653846 0.47230769230769226 0.2978056418269231
0 0.42615384615384616 0.3740856850961538 0.4230769230769231 0.3615465 0.41384615384615386 0.35423197596153844 0.4238461538461538 0.34691744951923076 0.4284615384615385 0.33855799278846155 0.4184615384615385 0.33960292548076926 0.4046153846153846 0.3416927908653846 0.4030769230769231 0.34796238221153847 0.3723076923076923 0.3270637403846154 0.3676923076923077 0.33019853605769234 0.37 0.3406478581730769 0.39384615384615385 0.3657262283653846 0.41615384615384615 0.3887147331730769 0.42461538461538456 0.3928944615384615 0.42615384615384616 0.3740856850961538
0 0.3676923076923077 0.4524555913461539 0.3646153846153846 0.4629049110576923 0.4453846153846154 0.5057471274038462 0.4492307692307692 0.48798328125 0.3676923076923077 0.4524555913461539
0 0.5030769230769231 0.4482758629807692 0.53 0.45559038701923077 0.5415384615384615 0.4524555913461539 0.5176923076923077 0.43364681250000003 0.5392307692307692 0.43364681250000003 0.5538461538461539 0.4346917451923077 0.5615384615384615 0.4190177644230769 0.566923076923077 0.2810867283653846 0.5592307692307692 0.28317659375 0.5538461538461539 0.40961337500000006 0.536923076923077 0.4190177644230769 0.5215384615384615 0.42006269711538463 0.5146153846153847 0.42424242307692306 0.5069230769230769 0.41588296875 0.4876923076923077 0.4148380360576923 0.46384615384615385 0.3939393942307692 0.44846153846153847 0.37722048076923076 0.4407692307692308 0.37722048076923076 0.4376923076923077 0.39916405528846155 0.4407692307692308 0.41588296875 0.45307692307692304 0.41379310336538466 0.46384615384615385 0.4117032403846154 0.46923076923076923 0.4169278990384615 0.46615384615384614 0.4357366778846154 0.46615384615384614 0.4493207932692308 0.4715384615384615 0.45036572596153845 0.48846153846153845 0.4409613365384616 0.5030769230769231 0.4482758629807692
0 0.5823076923076923 0.3009404399038461 0.5823076923076923 0.28631138942307693 0.5715384615384616 0.2884012548076923 0.5676923076923077 0.44723093028846156 0.5853846153846154 0.45036572596153845 0.5876923076923076 0.3051201682692308 0.5823076923076923 0.3009404399038461
0 0.6092307692307692 0.33019853605769234 0.6223076923076923 0.3270637403846154 0.6253846153846154 0.35005224759615383 0.6230769230769231 0.36781609134615384 0.6130769230769231 0.36259143269230765 0.6069230769230769 0.3751306153846154 0.6107692307692308 0.3845350048076923 0.6176923076923077 0.3782654134615384 0.6253846153846154 0.3782654134615384 0.6307692307692307 0.3281086730769231 0.64 0.32079414903846154 0.6507692307692309 0.32497387740384615 0.6561538461538461 0.3228840120192308 0.6623076923076923 0.2528735625 0.6530769230769231 0.2497387668269231 0.6492307692307692 0.30721003125 0.6330769230769231 0.31243469230769233 0.6353846153846153 0.2716823413461538 0.6284615384615384 0.2748171370192308 0.6246153846153846 0.31243469230769233 0.61 0.3155694879807692 0.6092307692307692 0.29467084615384614 0.6038461538461538 0.29467084615384614 0.5976923076923076 0.31243469230769233 0.5915384615384616 0.3187042836538462 0.5861538461538461 0.3281086730769231 0.6015384615384616 0.33019853605769234 0.5953846153846154 0.38035527644230765 0.6038461538461538 0.38557993749999997 0.6092307692307692 0.33019853605769234
0 0.7023076923076924 0.36363636298076923 0.6938461538461538 0.3615465 0.6984615384615385 0.27272727163461535 0.6907692307692308 0.26854754326923075 0.6861538461538461 0.36363636298076923 0.6907692307692308 0.3709508870192308 0.6984615384615385 0.3740856850961538 0.7023076923076924 0.36363636298076923
0 0.6415384615384615 0.4524555913461539 0.6499999999999999 0.4524555913461539 0.6476923076923077 0.4357366778846154 0.6307692307692307 0.41797283173076927 0.6223076923076923 0.4221525600961539 0.6223076923076923 0.43364681250000003 0.6315384615384616 0.44618599759615385 0.6415384615384615 0.4524555913461539
0 0.7007692307692307 0.4649947764423077 0.7538461538461539 0.4493207932692308 0.7569230769230769 0.4357366778846154 0.7646153846153846 0.2810867283653846 0.7661538461538462 0.24660397115384616 0.7630769230769231 0.23719958173076924 0.7538461538461539 0.24137931009615385 0.7538461538461539 0.25600836057692306 0.7507692307692307 0.28213166105769233 0.7507692307692307 0.3019853701923077 0.7484615384615385 0.30825496394230767 0.7438461538461538 0.3092998966346154 0.7407692307692308 0.32079414903846154 0.7392307692307691 0.3416927908653846 0.7376923076923076 0.3615465 0.7353846153846154 0.36886102403846155 0.73 0.37199581971153844 0.7276923076923077 0.36363636298076923 0.7376923076923076 0.25600836057692306 0.7269230769230769 0.25600836057692306 0.7153846153846154 0.3646812956730769 0.7053846153846154 0.3646812956730769 0.6984615384615385 0.3709508870192308 0.713076923076923 0.37931034375 0.7138461538461538 0.39498432692307694 0.7107692307692308 0.41588296875 0.7107692307692308 0.42946708413461543 0.7153846153846154 0.4409613365384616 0.7253846153846154 0.44305120192307695 0.7307692307692307 0.43364681250000003 0.7338461538461538 0.4231974927884616 0.7384615384615384 0.42006269711538463 0.7446153846153846 0.43782654086538464 0.7353846153846154 0.4493207932692308 0.72 0.4493207932692308 0.6938461538461538 0.4451410649038462 0.6784615384615384 0.4451410649038462 0.6607692307692308 0.45141065865384616 0.6499999999999999 0.4524555913461539 0.6015384615384616 0.4597701153846154 0.6061538461538462 0.4733542331730769 0.6130769230769231 0.4743991634615385 0.6892307692307693 0.4566353197115385 0.7007692307692307 0.4649947764423077
0 0.6653846153846155 0.6739811923076923 0.6715384615384615 0.6760710552884616 0.6784615384615384 0.6729362596153846 0.696923076923077 0.6823406490384615 0.7069230769230769 0.6959247644230769 0.7146153846153845 0.6907001033653846 0.7153846153846154 0.6802507836538462 0.713076923076923 0.6739811923076923 0.5423076923076923 0.5276906995192308 0.5238461538461539 0.5151515144230769 0.5076923076923077 0.5099268557692308 0.49923076923076926 0.5099268557692308 0.49923076923076926 0.5245559038461539 0.5161538461538462 0.5318704278846154 0.5130769230769231 0.5402298846153847 0.6653846153846155 0.6739811923076923
0 0.5861538461538461 0.5308254951923077 0.5892307692307692 0.521421108173077 0.5853846153846154 0.5099268557692308 0.5753846153846154 0.4994775336538462 0.5646153846153846 0.49007314423076925 0.5553846153846154 0.48066875721153846 0.546923076923077 0.4775339591346154 0.5415384615384615 0.4869383485576923 0.5423076923076923 0.4994775336538462 0.5561538461538462 0.5161964471153846 0.5676923076923077 0.5308254951923077 0.58 0.5360501562500001 0.5861538461538461 0.5308254951923077
0 0.6900000000000001 0.6227795192307692 0.6992307692307692 0.6185997908653846 0.696923076923077 0.6060606057692308 0.6907692307692308 0.5966562163461538 0.6815384615384615 0.5914315576923077 0.6692307692307692 0.58411703125 0.6646153846153846 0.5924764879807692 0.6684615384615384 0.6039707427884615 0.6746153846153846 0.6144200625 0.6830769230769231 0.6227795192307692 0.6900000000000001 0.6227795192307692