0 0 0.5115 0.14175000000000001 0.399375 0.11050000000000001 0.38375 0 0.46950000000000003 0 0.5115
0 0.0021666658653846154 0.7165625 0.00425 0.7665624999999999 0.19799999999999998 0.6775 0.17091666586538462 0.6415624999999999 0.0021666658653846154 0.7165625
0 0.2188333341346154 0.6009375 0.17091666586538462 0.6196875000000001 0.27091666586538465 0.786875 0.3209166658653846 0.7571875 0.2188333341346154 0.6009375
0 0.20633333413461538 0.543125 0.17300000000000001 0.5634374999999999 0.42716666586538465 0.7790625 0.45841666586538465 0.749375 0.20633333413461538 0.543125
0 0.22924999999999998 0.393125 0.20633333413461538 0.4040625 0.623 0.7165625 0.6646666658653846 0.6884374999999999 0.22924999999999998 0.393125
0 0.23966666586538463 0.3509375 0.21675000000000003 0.3696875 0.39591666586538465 0.4946875 0.4209166658653846 0.4775 0.23966666586538463 0.3509375
0 0.3750833341346154 0.3821875 0.3500833341346154 0.3915625 0.3563333341346154 0.4134375 0.5209166658653847 0.4696875 0.5459166658653847 0.4665625 0.5563333341346154 0.4384375 0.3750833341346154 0.3821875
0 0.4500833341346154 0.455625 0.42925 0.48843749999999997 0.70425 0.5525 0.72925 0.5415625 0.72925 0.5165624999999999 0.4500833341346154 0.455625
0 0.398 0.3353125 0.39383333413461535 0.37124999999999997 0.8084166658653846 0.40875 0.8313333341346154 0.38375 0.8209166658653846 0.35562499999999997 0.398 0.3353125
0 0.4709166658653846 0.374375 0.4500833341346154 0.40875 0.9959166658653846 0.5275 0.998 0.48062499999999997 0.4709166658653846 0.374375
0 0.848 0.32125 0.49591666586538463 0.29312499999999997 0.4834166658653846 0.32437499999999997 0.8375833341346154 0.35562499999999997 0.848 0.32125