0 0.05319149038461538 0.0954632451923077 0.07218844951923077 0.11347517788461539 0.08485308894230768 0.07970280288461538 0.07345491346153846 0.06169087019230769 0.05572441826923077 0.040301699519230766 0.059523810096153845 0.01666103846153846 0.06142350480769231 0.0009005961538461538 0.02596251201923077 0.00202634375 0.01646403125 0.05155915865384615 0.029128673076923076 0.06957109134615384 0.05319149038461538 0.0954632451923077
0 0.039260384615384614 0.3026004735576923 0.025329281250000002 0.34537881249999997 0.027228975961538462 0.5131149399038462 0.02089665625 0.5570190264423076 0.008865247596153846 0.5558932788461538 0.014564336538461538 0.6031746033653846 0.024062814903846153 0.6155578052884615 0.027862209134615384 0.869976358173077 0.029128673076923076 0.9431498389423076 0.05 0.9968253966346154 0.19464285817307692 0.9968253966346154 0.18363728365384613 0.9476528197115385 0.09498480288461539 0.9285151418269231 0.08548632211538461 0.9116289567307692 0.08675278605769231 0.593042891826923 0.07852076923076923 0.5311268725961539 0.08105369711538463 0.3667679831730769 0.09181864182692306 0.35663627403846154 0.10828267548076922 0.33975008653846156 0.10258358653846153 0.30935494951923076 0.07725430528846154 0.25982213221153844 0.06902228846153846 0.26657660576923076 0.051291793269230765 0.26657660576923076 0.039260384615384614 0.3026004735576923
0 0.12537993990384616 0.593042891826923 0.12664640384615386 0.5986716201923077 0.14057750721153847 0.5952943798076923 0.1456433653846154 0.5716537211538462 0.1361448846153846 0.5648992451923077 0.14057750721153847 0.5300011274038462 0.14184397115384614 0.4489474278846154 0.15704153846153845 0.4354384783653846 0.26532421394230765 0.43656422115384613 0.2792553197115385 0.43768996875 0.2792553197115385 0.4692108509615384 0.2881205673076923 0.5153664326923078 0.31218338461538464 0.5300011274038462 0.3305471129807692 0.5041089711538461 0.3368794326923077 0.46133063221153847 0.3387791274038462 0.4343127331730769 0.3387791274038462 0.4050433389423077 0.3349797355769231 0.3667679831730769 0.3286474158653846 0.3071034567307692 0.3077507596153846 0.3183609134615385 0.31091692067307697 0.36226499999999995 0.31091692067307697 0.44669593750000003 0.3166160096153846 0.4838455480769231 0.29888551201923075 0.49060002163461536 0.3007852067307692 0.46133063221153847 0.29825228125 0.4388157139423077 0.29888551201923075 0.41067206971153847 0.2931864230769231 0.4050433389423077 0.28875380048076926 0.4005403581730769 0.2944528870192308 0.3926601370192308 0.2969858149038461 0.3836541706730769 0.2950861201923077 0.3836541706730769 0.2792553197115385 0.3836541706730769 0.27608915865384615 0.40391759615384615 0.27355623076923075 0.4005403581730769 0.25962512740384613 0.4005403581730769 0.15640830769230768 0.40616908653846157 0.13487842067307693 0.40279185096153847 0.13361195432692308 0.3791511875 0.10828267548076922 0.40729483173076925 0.11968085096153845 0.4354384783653846 0.11778115624999999 0.5660249903846154 0.08168693028846154 0.550264548076923 0.08105369711538463 0.6076775865384616 0.10005065865384616 0.6076775865384616 0.10131712259615384 0.5919171466346154 0.12537993990384616 0.593042891826923
0 0.3533434639423077 0.5547675336538462 0.34827760817307696 0.48159405769230773 0.34701114423076923 0.3825284254807692 0.3368794326923077 0.39153438942307695 0.34004559375 0.5288753798076923 0.34004559375 0.5603962644230769 0.3533434639423077 0.5547675336538462
0 0.40083586538461535 0.07294832692307693 0.4014690985576923 0.28121130048076926 0.4116008100961538 0.28121130048076926 0.4141337403846154 0.08870876923076923 0.41096757932692307 0.06844534615384615 0.40083586538461535 0.07294832692307693
0 0.24696048557692307 0.7472700673076923 0.21973150961538462 0.7123719471153845 0.19820162259615384 0.7405155913461539 0.18363728365384613 0.8046831009615385 0.18363728365384613 0.9386468533653846 0.17857142788461539 0.9386468533653846 0.18617021153846156 0.9611617692307692 0.1910714278846154 0.9968253966346154 0.22321428605769228 0.9968253966346154 0.24316109375 0.9363953629807693 0.24696048557692307 0.7472700673076923
0 0.8267857139423077 0 0.8308004062500001 0.4647078701923077 0.8143363725961539 0.4737138341346154 0.4305977716346154 0.4725880889423077 0.40590172355769233 0.4827198028846154 0.37677305048076926 0.517617920673077 0.3546099278846154 0.5570190264423076 0.32041539903846156 0.5570190264423076 0.21149949278846153 0.5795339399038462 0.19630192548076925 0.6099290793269231 0.19503546153846155 0.6943600120192308 0.19820162259615384 0.7337611177884615 0.2222644375 0.7337611177884615 0.23429584615384616 0.7247551490384615 0.22606382932692307 0.6358212307692307 0.25962512740384613 0.6223122836538462 0.3444782163461539 0.6166835528846154 0.3558763918269231 0.6144320600961538 0.41223404326923074 0.6425757091346154 0.6022036490384616 0.6369469783653846 0.5901722403846154 0.6166835528846154 0.3945035456730769 0.6200607908653846 0.36664133653846154 0.600923110576923 0.42299898798076924 0.5187436658653847 0.5686423509615385 0.5300011274038462 0.8586626153846153 0.5209951586538462 0.8611955432692308 0.46808510817307697 0.857142858173077 0 0.8267857139423077 0
0 0.027228975961538462 0.6695936057692309 0.027228975961538462 0.6572104038461538 0.005699086538461539 0.6695936057692309 0.027228975961538462 0.6695936057692309
0 0.0012664639423076924 0.6133063149038461 0.0018996971153846154 0.6493301802884616 0.024062814903846153 0.6459529423076924 0.024062814903846153 0.6110548245192308 0.007598783653846154 0.6110548245192308 0.0012664639423076924 0.6133063149038461
0 0.1944022283653846 0.63919846875 0.19503546153846155 0.6223122836538462 0.09055217788461538 0.6166835528846154 0.08295339423076922 0.6459529423076924 0.09498480288461539 0.6538331658653846 0.1944022283653846 0.63919846875
0 0.19376899759615382 0.6358212307692307 0.092451875 0.6549589110576922 0.08548632211538461 0.6650906225961539 0.18680344471153848 0.6718450985576924 0.19376899759615382 0.6695936057692309 0.19376899759615382 0.6358212307692307
0 0.6940222884615385 0.7742879639423077 0.8327001009615385 0.794551389423077 0.9454153990384615 0.7922998990384615 0.9982142860576922 0.7587301586538462 0.9982142860576922 0.7365079375 0.8947568389423076 0.7551502860576923 0.7415146899038461 0.7416413365384616 0.7009878413461539 0.7258808942307693 0.5407801418269231 0.6954857596153846 0.25202634375 0.6346954855769231 0.22416413461538462 0.6313182475961538 0.22922999038461536 0.6831025552884615 0.39640324278846156 0.6943600120192308 0.5509118533653846 0.7236294038461538 0.6940222884615385 0.7742879639423077
0 0.6395643365384616 0.7112461995192307 0.6895896658653846 0.7709107259615385 0.7554457956730769 0.9127546995192308 0.8017857139423078 0.9968253966346154 0.8446428581730768 0.9968253966346154 0.7814083076923077 0.8891140384615385 0.6857902740384615 0.7078689615384615 0.6009371850961538 0.5345041081730769 0.5642097259615384 0.5232466514423076 0.5540780144230769 0.5784081971153846 0.5743414399038461 0.5896656538461539 0.5927051682692308 0.6245637740384615 0.6395643365384616 0.7112461995192307
0 0.7478470096153846 0.593042891826923 0.6380415456730769 0.5941038125 0.6452634254807692 0.6144320600961538 0.8839918942307693 0.6099290793269231 0.8795592692307692 0.5829111778846154 0.7478470096153846 0.593042891826923
0 0.7446808509615385 0.005403581730769231 0.7326494423076924 0.005403581730769231 0.7332826754807692 0.46695936298076923 0.7535461009615385 0.4737138341346154 0.7446808509615385 0.005403581730769231
0 0.7978723413461538 0.4343127331730769 0.788373860576923 0.011032307692307692 0.7807750769230769 0.007655072115384616 0.7864741634615384 0.4692108509615384 0.7985055721153846 0.46583361538461543 0.7978723413461538 0.4343127331730769
0 0.23556231009615386 0.5727794663461538 0.23492907932692308 0.5074862091346154 0.2374620048076923 0.42418101923076923 0.2317629182692308 0.3667679831730769 0.23112968509615386 0.28121130048076926 0.21593211778846153 0.3194866610576923 0.2235309014423077 0.4005403581730769 0.2266970625 0.5558932788461538 0.23556231009615386 0.5727794663461538
0 0.7351823725961538 0.7326353725961539 0.7497467067307693 0.7461443197115384 0.7598784206730769 0.5288753798076923 0.737715298076923 0.5311268725961539 0.7370820649038462 0.542384329326923 0.7415146899038461 0.6301925024038462 0.7351823725961538 0.7326353725961539
0 0.5471124615384615 0.9476528197115385 0.7022543052884616 0.89924575 0.7282168173076923 0.8677248677884616 0.695921985576923 0.7821681875 0.5268490384615384 0.8564674086538461 0.24442756009615385 0.9363953629807693 0.22499999999999998 0.9968253966346154 0.3232142860576923 0.9968253966346154 0.40906788221153845 0.9926826514423077 0.5471124615384615 0.9476528197115385
0 0.9967071923076923 0.8688506129807692 0.9967071923076923 0.7742879639423077 0.9587132740384615 0.7866711682692308 0.8865248221153846 0.7922998990384615 0.8187689975961538 0.8013058677884615 0.7244174278846154 0.7832939326923077 0.7909067884615385 0.9003714951923077 0.8801925024038462 0.89924575 0.9897416418269231 0.869976358173077 0.9967071923076923 0.8688506129807692
0 0.9618794326923077 0.008780814903846154 0.9410714278846153 0 0.8852583581730769 0.004277834134615384 0.8941236081730769 0.7574017788461538 0.9688449831730769 0.7472700673076923 0.9618794326923077 0.008780814903846154