0 0.24726703365384614 0.3235477283653846 0.24583051923076923 0.28918715865384614 0.24583051923076923 0.25590035576923076 0.2415209807692308 0.23657253365384617 0.23002887500000002 0.21509717548076923 0.1984255817307692 0.19684312259615386 0.16969531490384615 0.18610544471153848 0.13809202403846152 0.18395790865384615 0.10217918990384615 0.18825298076923075 0.07919497836538461 0.19684312259615386 0.060520305288461536 0.2075808004807692 0.04471865865384616 0.23227746153846154 0.03753609134615385 0.23764630048076923 0.03753609134615385 0.24945774759615386 0.04040912019230769 0.2591216586538462 0.10792524278846154 0.26234296153846154 0.10505221634615383 0.25160528365384616 0.10648873076923077 0.23657253365384617 0.11798083653846153 0.23227746153846154 0.1610762355769231 0.23227746153846154 0.17975090865384613 0.23764630048076923 0.18406044951923078 0.24945774759615386 0.18406044951923078 0.2666380336538462 0.18836998798076923 0.3482443894230769 0.19267952884615386 0.3847524975961539 0.20417163461538462 0.40622785336538464 0.2242828221153846 0.4255556754807692 0.25588611298076924 0.42233437019230774 0.2688147331730769 0.40944915625 0.25301308653846155 0.3815311923076923 0.24726703365384614 0.3514656923076923 0.24726703365384614 0.3235477283653846
0 0.36506112259615386 0.43199828125 0.3808627692307692 0.41696553125 0.37511671634615384 0.39656394230769226 0.37224368990384615 0.37401481730769226 0.36937066346153846 0.3396542475961538 0.37224368990384615 0.2977773004807692 0.36937066346153846 0.26341672836538466 0.37224368990384615 0.21831848076923077 0.37368020192307694 0.16892515865384614 0.37080717788461537 0.14100719471153847 0.36649763701923077 0.10879415865384615 0.3535690168269231 0.08839256971153847 0.32627526442307697 0.07443358894230769 0.297545 0.06799098076923077 0.25014006009615386 0.06799098076923077 0.2242828221153846 0.07013851682692308 0.20417163461538462 0.07872865865384616 0.18549696153846154 0.09268764182692307 0.16969531490384615 0.11308923076923076 0.16825880288461537 0.13026951682692306 0.17544136778846153 0.14208096153846153 0.2228463076923077 0.14530226442307692 0.23002887500000002 0.13885965865384617 0.23290190144230768 0.12490067548076923 0.25301308653846155 0.13993342548076923 0.25732262740384615 0.14959733653846155 0.25444959855769234 0.18181037259615385 0.25732262740384615 0.24945774759615386 0.25301308653846155 0.33428540625 0.25444959855769234 0.38367872836538464 0.2702512451923077 0.4008590144230769 0.28892591826923075 0.40944915625 0.31191013221153846 0.4030065504807692 0.3248387524038462 0.42233437019230774 0.3334578317307692 0.43092451442307694 0.36506112259615386 0.43199828125
0 0.37224368990384615 0.13134328365384615 0.37655323076923075 0.29240846153846156 0.37655323076923075 0.3396542475961538 0.37655323076923075 0.37938365865384616 0.37798974278846154 0.41052292548076924 0.41390257451923074 0.41696553125 0.43401376201923075 0.4040803173076923 0.43688678846153844 0.39441640625 0.43257724759615385 0.34931815865384613 0.43401376201923075 0.2977773004807692 0.43114073557692306 0.14315473076923077 0.42826770913461537 0.10557285576923078 0.43114073557692306 0.08517126682692308 0.43114073557692306 0.07013851682692308 0.42683119471153846 0.045441855769230766 0.4153390889423077 0.03792548076923077 0.3966644158653846 0.03792548076923077 0.37511671634615384 0.04114678365384616 0.36506112259615386 0.05295823076923077 0.3636246105769231 0.06691721153846154 0.37080717788461537 0.08194996153846154 0.37368020192307694 0.10664662259615384 0.37224368990384615 0.13134328365384615
0 0.47998218750000005 0.38582626442307694 0.4814186995192308 0.37508858653846155 0.4771091610576923 0.36435090625 0.4771091610576923 0.34394931730769235 0.4713631081730769 0.2902609254807692 0.4742361346153846 0.16140878365384617 0.4727996201923077 0.12490067548076923 0.4857282403846154 0.11416299759615385 0.49722034615384614 0.11308923076923076 0.5187680456730769 0.11416299759615385 0.5259506129807693 0.12490067548076923 0.528823639423077 0.20113819471153846 0.5245140985576924 0.29240846153846156 0.5259506129807693 0.35253946153846155 0.5202045600961539 0.3707935144230769 0.5345696923076922 0.38582626442307694 0.5532443653846154 0.3901213365384616 0.5618634447115385 0.3826049615384616 0.5632999591346154 0.36005583653846157 0.5632999591346154 0.3396542475961538 0.5632999591346154 0.31925265865384617 0.5632999591346154 0.2816707836538461 0.5632999591346154 0.23442499759615384 0.5661729855769231 0.18395790865384615 0.5632999591346154 0.12382690865384616 0.5546808798076923 0.10342531971153845 0.5388792307692307 0.08946633653846153 0.5202045600961539 0.07980242548076923 0.48716475480769234 0.07980242548076923 0.46130751442307694 0.08731880048076923 0.43975981490384614 0.10986792548076922 0.43832330048076923 0.35898206730769233 0.4469423822115385 0.38690003125 0.47998218750000005 0.38582626442307694
0 0.5676094975961539 0.15818748076923078 0.5661729855769231 0.3536132283653846 0.5661729855769231 0.38690003125 0.5676094975961539 0.4008590144230769 0.5877206850961538 0.41696553125 0.6207604903846153 0.4115966923076923 0.6250700288461538 0.3954901754807692 0.6250700288461538 0.3783098894230769 0.6279430576923077 0.36005583653846157 0.6265065432692307 0.3203264254807693 0.6279430576923077 0.12275314182692307 0.6308160817307692 0.09590894471153846 0.6351256225961539 0.08194996153846154 0.6379986490384616 0.06262214182692308 0.6365621370192307 0.04973692548076923 0.6150144375 0.03685171394230769 0.5920302235576923 0.03685171394230769 0.5719190384615385 0.05188446153846154 0.5762285793269231 0.08087619471153847 0.5690460120192308 0.11845806971153847 0.5676094975961539 0.15818748076923078
0 0.6221970048076924 0.41911306730769227 0.643744701923077 0.4298507451923077 0.6767845072115384 0.42448190625 0.6882766153846155 0.39978524759615386 0.6983322067307692 0.4126704615384615 0.7328085264423077 0.4115966923076923 0.7414276081730768 0.37938365865384616 0.7471736610576923 0.33643294230769233 0.7471736610576923 0.2902609254807692 0.7457371466346154 0.24086760336538462 0.7471736610576923 0.16140878365384617 0.7500466850961539 0.13778589182692308 0.7658483341346154 0.11845806971153847 0.7658483341346154 0.13563835576923078 0.7759039254807691 0.14315473076923077 0.7988881394230769 0.14530226442307692 0.826181891826923 0.14208096153846153 0.8304914302884616 0.13241705048076924 0.8175628125000001 0.09483517788461539 0.7759039254807691 0.07228605288461538 0.7328085264423077 0.06476967788461538 0.6868401009615385 0.07335981971153846 0.6552368100961539 0.08624503365384616 0.6322525961538462 0.11094169471153846 0.6221970048076924 0.38690003125 0.6221970048076924 0.41911306730769227
0 0.7514831995192307 0.37186728125 0.73999109375 0.39441640625 0.7371180673076924 0.4126704615384615 0.7572292524038461 0.4234081394230769 0.7873960336538463 0.42448190625 0.7988881394230769 0.4115966923076923 0.8089437307692309 0.38582626442307694 0.8118167596153847 0.35898206730769233 0.8132532716346154 0.3289165673076923 0.816126298076923 0.2838183197115385 0.8233088653846153 0.2548265865384615 0.8247453774038462 0.2354987644230769 0.8664042644230769 0.23012992548076922 0.8922615024038462 0.23764630048076923 0.8951345288461539 0.24838397836538462 0.8951345288461539 0.26234296153846154 0.9080631490384616 0.26341672836538466 0.9597776274038462 0.25804788942307694 0.9597776274038462 0.23442499759615384 0.9468490072115384 0.21509717548076923 0.9253013100961538 0.19684312259615386 0.8908249903846154 0.18825298076923075 0.8491661033653847 0.18825298076923075 0.8146897860576924 0.19362181971153847 0.7787769519230768 0.20543326442307694 0.7601022812499999 0.22476108653846155 0.7572292524038461 0.24945774759615386 0.7572292524038461 0.2730806394230769 0.7529197139423077 0.29885106730769234 0.7514831995192307 0.3396542475961538 0.7514831995192307 0.37186728125
0 0.07775846394230769 0.7380221201923077 0.10648873076923077 0.7455384951923077 0.15245715625 0.7498335673076924 0.19555255528846155 0.7444647259615385 0.22859236057692306 0.7240631370192308 0.24295749278846154 0.6918501009615384 0.2487035456730769 0.6027273701923077 0.2487035456730769 0.5629979591346154 0.25444959855769234 0.5501127451923077 0.26306868028846153 0.53722753125 0.2645051923076923 0.5232685504807693 0.25014006009615386 0.5125308701923077 0.23002887500000002 0.5125308701923077 0.2142272283653846 0.5157521730769231 0.20417163461538462 0.5243423173076923 0.19555255528846155 0.5383013004807693 0.18980650240384614 0.5576291201923077 0.19267952884615386 0.5737356370192308 0.19267952884615386 0.5866208533653846 0.19124301442307695 0.6156125841346154 0.18693347596153845 0.6413830120192308 0.18836998798076923 0.66500590625 0.18118742067307692 0.6800386562499999 0.17975090865384613 0.69507140625 0.17400485576923078 0.7015140120192308 0.1265999158653846 0.703661548076923 0.11079827163461539 0.696145173076923 0.10361570432692307 0.6875550312500001 0.11079827163461539 0.6714485120192308 0.10074267788461538 0.6714485120192308 0.06339333173076923 0.6735960480769231 0.03753609134615385 0.6735960480769231 0.04759168509615385 0.7058090841346154 0.05477425240384615 0.7219156009615385 0.07775846394230769 0.7380221201923077
0 0.25588611298076924 0.5694405673076923 0.25444959855769234 0.60487490625 0.25732262740384615 0.6682272091346154 0.25732262740384615 0.7154729951923078 0.25588611298076924 0.7519811009615385 0.25301308653846155 0.7895629759615385 0.24008446634615385 0.7970793509615385 0.23290190144230768 0.8271448509615384 0.25588611298076924 0.8411038341346154 0.2774338125 0.8411038341346154 0.3018545384615385 0.8282186201923077 0.30903710576923077 0.8067432620192307 0.31334664423076924 0.7756039951923076 0.31334664423076924 0.7326532812500001 0.31047361778846155 0.6456780841346154 0.30903710576923077 0.5952109951923077 0.31191013221153846 0.5501127451923077 0.31191013221153846 0.5254160841346154 0.28748940624999997 0.5232685504807693 0.2731242716346154 0.5243423173076923 0.25588611298076924 0.54474390625 0.25588611298076924 0.5694405673076923
0 0.2156637403846154 0.8572103509615385 0.23577492788461538 0.869021798076923 0.28174335336538464 0.8700955649038461 0.3076005913461538 0.8658004951923076 0.3463864495192308 0.853989048076923 0.36793414903846156 0.8303661538461539 0.37368020192307694 0.7530548701923077 0.37080717788461537 0.5919896923076923 0.37368020192307694 0.5522602812499999 0.36937066346153846 0.5340062283653846 0.37655323076923075 0.5168259423076923 0.36075158413461533 0.50716203125 0.3377673725961538 0.5050144951923077 0.3234022379807693 0.5178997091346154 0.31621967067307694 0.53722753125 0.31334664423076924 0.5984323004807692 0.31621967067307694 0.80781703125 0.30903710576923077 0.8174809399038462 0.29467197115384614 0.8335874591346154 0.24295749278846154 0.8325136899038461 0.22859236057692306 0.80781703125 0.23002887500000002 0.7884892091346154 0.20273512019230772 0.786341673076923 0.16682228846153846 0.7960055841346154 0.17256834134615387 0.8228497788461537 0.18980650240384614 0.8421776009615385 0.2156637403846154 0.8572103509615385
0 0.37655323076923075 0.636014173076923 0.37655323076923075 0.6939976370192308 0.37655323076923075 0.7841941370192308 0.37224368990384615 0.8282186201923077 0.36793414903846156 0.8518415120192308 0.3593150697115384 0.8754644038461539 0.37080717788461537 0.8904971538461539 0.3909183629807692 0.9001610649038461 0.42252165625000004 0.8937184591346153 0.42683119471153846 0.8711693341346154 0.42826770913461537 0.8486202091346153 0.43114073557692306 0.8121121009615385 0.43257724759615385 0.7380221201923077 0.43401376201923075 0.6789648870192307 0.43545027644230766 0.5522602812499999 0.43832330048076923 0.5361537644230769 0.43401376201923075 0.5254160841346154 0.4167756033653846 0.5178997091346154 0.3894818509615385 0.5211210144230769 0.37655323076923075 0.5350799951923076 0.37798974278846154 0.5522602812499999 0.37511671634615384 0.5791044783653846 0.37655323076923075 0.636014173076923
0 0.43401376201923075 0.7874154399038461 0.43545027644230766 0.8196284759615384 0.4541249471153846 0.8453989038461539 0.48716475480769234 0.8572103509615385 0.5259506129807693 0.853989048076923 0.5589904182692308 0.8357349951923077 0.5632999591346154 0.8056694951923077 0.5676094975961539 0.741243423076923 0.5618634447115385 0.6295715673076923 0.5632999591346154 0.5855470841346154 0.5589904182692308 0.5533340480769231 0.5417522596153846 0.5468914423076924 0.5216410721153847 0.5554815841346155 0.5216410721153847 0.5651454951923077 0.528823639423077 0.5801782451923077 0.5302601538461539 0.6070224423076923 0.5302601538461539 0.66500590625 0.5245140985576924 0.8196284759615384 0.508712454326923 0.8271448509615384 0.4771091610576923 0.8239235480769231 0.4756726466346154 0.8088907980769231 0.4756726466346154 0.7659400841346155 0.4727996201923077 0.70258778125 0.4727996201923077 0.6306453341346153 0.4756726466346154 0.5726618701923077 0.48429172596153847 0.5662192644230769 0.4771091610576923 0.5522602812499999 0.46274402884615384 0.5468914423076924 0.4455058677884616 0.5511865144230769 0.43545027644230766 0.5801782451923077 0.43401376201923075 0.7874154399038461
0 0.5661729855769231 0.5694405673076923 0.5661729855769231 0.5876946201923077 0.5676094975961539 0.6907763341346154 0.5704825240384616 0.8035219591346153 0.5719190384615385 0.8292923870192308 0.5704825240384616 0.853989048076923 0.5733555504807692 0.8754644038461539 0.5891571971153846 0.8958659927884616 0.6293795697115385 0.8969397620192308 0.6365621370192307 0.8797594759615385 0.633689110576923 0.8550628149038462 0.6279430576923077 0.831439923076923 0.6250700288461538 0.80781703125 0.6265065432692307 0.7831203701923077 0.6265065432692307 0.7283582091346154 0.6265065432692307 0.6843337283653846 0.623633516826923 0.5608504254807692 0.6221970048076924 0.5383013004807693 0.6178874639423076 0.5286373894230769 0.6006493052884616 0.5178997091346154 0.5719190384615385 0.5232685504807693 0.5676094975961539 0.5350799951923076 0.5733555504807692 0.5640717283653847 0.5661729855769231 0.5694405673076923
0 0.6308160817307692 0.6091699783653847 0.6293795697115385 0.7552024038461538 0.6293795697115385 0.8185547091346154 0.6365621370192307 0.8346612259615385 0.6782210216346154 0.8636529591346154 0.7284989879807693 0.8733168701923077 0.7629753052884615 0.8700955649038461 0.80750721875 0.853989048076923 0.826181891826923 0.831439923076923 0.8333644591346154 0.8024481899038461 0.8189993245192307 0.7927842788461539 0.7730308990384616 0.7917105120192307 0.7658483341346154 0.8067432620192307 0.7557927403846154 0.8045957259615384 0.7443006322115384 0.7884892091346154 0.7443006322115384 0.7648663149038462 0.7443006322115384 0.7348008149038462 0.7428641201923077 0.6800386562499999 0.738554579326923 0.6102437451923077 0.7514831995192307 0.59735853125 0.7514831995192307 0.6370879423076924 0.7514831995192307 0.6757435841346153 0.7601022812499999 0.7047353173076923 0.7845230048076922 0.7283582091346154 0.8189993245192307 0.7455384951923077 0.8534756442307692 0.7509073341346154 0.8951345288461539 0.7466122620192308 0.9367934158653846 0.7326532812500001 0.9511585480769231 0.7133254591346153 0.9583411153846153 0.6982927091346153 0.9640871682692308 0.6864812620192308 0.9554680865384615 0.6746698173076923 0.8965710432692308 0.67252228125 0.8936980168269231 0.6778911201923077 0.8951345288461539 0.696145173076923 0.8721503173076923 0.70258778125 0.826181891826923 0.7068828509615385 0.8189993245192307 0.6886287980769231 0.8175628125000001 0.6381617091346155 0.816126298076923 0.58984215625 0.816126298076923 0.5533340480769231 0.8017611658653846 0.5286373894230769 0.7730308990384616 0.5103833341346153 0.7529197139423077 0.5136046394230769 0.7342450408653847 0.5243423173076923 0.7184433942307693 0.5254160841346154 0.7069512884615385 0.5275636201923077 0.6810940480769231 0.5264898533653846 0.6796575360576923 0.5168259423076923 0.67247496875 0.5028669615384616 0.6365621370192307 0.5039407283653846 0.6250700288461538 0.5243423173076923 0.6293795697115385 0.5683668004807692 0.6308160817307692 0.6091699783653847