0 0.6894970408653845 0.7419378701923077 0.6821005913461539 0.7315828413461538 0.006065088942307692 0.6457840240384616 0.004585798076923077 0.6990384615384616 0.6643491129807693 0.7966715985576923 0.685059170673077 0.7803994086538462 0.6894970408653845 0.7419378701923077
0 0.4202662716346154 0.344008875 0.4084319519230769 0.3366124254807692 0.0016272187500000002 0.40761834375 0.01346153846153846 0.4194526634615385 0.41582840144230765 0.36176035576923077 0.4202662716346154 0.344008875
0 0.06442307692307693 0.4644230769230769 0.03076923076923077 0.4634615384615385 0 0.46634615384615385 0.0028846153846153843 0.49903846153846154 0.010576923076923078 0.5009615384615385 0.03173076923076923 0.5057692307692307 0.04903846153846154 0.5048076923076923 0.05673076923076924 0.4971153846153846 0.06442307692307693 0.49326923076923074 0.075 0.4913461538461539 0.0875 0.4894230769230769 0.09807692307692308 0.46923076923076923 0.08461538461538462 0.46634615384615385 0.06442307692307693 0.4644230769230769
0 0.18653846153846151 0.4673076923076923 0.20288461538461539 0.45576923076923076 0.22115384615384615 0.44134615384615383 0.23365384615384616 0.4326923076923077 0.25384615384615383 0.4182692307692308 0.2673076923076923 0.4096153846153846 0.28076923076923077 0.4019230769230769 0.29230769230769227 0.3894230769230769 0.24807692307692308 0.3894230769230769 0.22884615384615387 0.3894230769230769 0.2048076923076923 0.3942307692307692 0.06826923076923076 0.4115384615384615 0.041346153846153845 0.4153846153846154 0.020192307692307693 0.41730769230769227 0.008653846153846154 0.4182692307692308 0.006761091346153846 0.4627489471153846 0.10769230769230768 0.46923076923076923 0.13846153846153847 0.46634615384615385 0.16153846153846155 0.46826923076923077 0.18653846153846151 0.4673076923076923
0 0.37692307692307697 0.3067307692307692 0.38653846153846155 0.2971153846153846 0.38846153846153847 0.29038461538461535 0.16634615384615387 0.28365384615384615 0.15192307692307694 0.3 0.1875 0.3067307692307692 0.24423076923076922 0.3096153846153846 0.27115384615384613 0.3076923076923077 0.20673076923076922 0.3153846153846154 0.13846153846153847 0.31634615384615383 0.11057692307692307 0.3153846153846154 0.08653846153846154 0.31153846153846154 0.08076923076923077 0.32211538461538464 0.06346153846153846 0.3278846153846154 0.04519230769230769 0.33076923076923076 0.03173076923076923 0.34326923076923077 0.04230769230769231 0.36250000000000004 0.052884615384615384 0.36250000000000004 0.07596153846153847 0.3596153846153846 0.09038461538461538 0.36250000000000004 0.08365384615384615 0.36826923076923074 0.06826923076923076 0.3692307692307692 0.05096153846153846 0.37115384615384617 0.038461538461538464 0.38749999999999996 0.027884615384615383 0.4009615384615385 0.275 0.3586538461538461 0.3173076923076923 0.35 0.3403846153846154 0.34134615384615385 0.35 0.33269230769230773 0.3576923076923077 0.32403846153846155 0.36826923076923074 0.3125 0.37692307692307697 0.3067307692307692
0 0.25 0.44711538461538464 0.2576923076923077 0.4423076923076923 0.26634615384615384 0.43942307692307697 0.28365384615384615 0.4317307692307692 0.3288461538461539 0.4105769230769231 0.3394230769230769 0.4048076923076923 0.3480769230769231 0.39807692307692305 0.3605769230769231 0.3894230769230769 0.3721153846153846 0.3663461538461539 0.3211538461538461 0.3778846153846154 0.31346153846153846 0.38461538461538464 0.30865384615384617 0.3894230769230769 0.3 0.3971153846153846 0.29423076923076924 0.4048076923076923 0.2875 0.4115384615384615 0.2567307692307692 0.42980769230769234 0.24615384615384617 0.4346153846153846 0.2375 0.4432692307692308 0.22692307692307695 0.4461538461538461 0.1903846153846154 0.4836538461538461 0.1971153846153846 0.4836538461538461 0.2076923076923077 0.4836538461538461 0.22596153846153846 0.46923076923076923 0.2403846153846154 0.4586538461538462 0.25 0.44711538461538464
0 0.45576923076923076 0.29038461538461535 0.4461538461538461 0.29038461538461535 0.4317307692307692 0.29230769230769227 0.4153846153846154 0.29230769230769227 0.4019230769230769 0.2932692307692308 0.39519230769230773 0.29615384615384616 0.3836538461538461 0.3153846153846154 0.3778846153846154 0.32019230769230766 0.36730769230769234 0.33076923076923076 0.35 0.3394230769230769 0.35192307692307695 0.3471153846153846 0.3701923076923077 0.34326923076923077 0.38749999999999996 0.33557692307692305 0.3971153846153846 0.33269230769230773 0.40576923076923077 0.33269230769230773 0.4125 0.33269230769230773 0.4230769230769231 0.33653846153846156 0.4326923076923077 0.3288461538461539 0.4403846153846154 0.32211538461538464 0.4461538461538461 0.3096153846153846 0.45576923076923076 0.29038461538461535
0 0.44423076923076926 0.32403846153846155 0.4375 0.33269230769230773 0.42500000000000004 0.34615384615384615 0.41346153846153844 0.36346153846153845 0.3942307692307692 0.36730769230769234 0.3692307692307692 0.3942307692307692 0.3605769230769231 0.4019230769230769 0.33076923076923076 0.4211538461538461 0.3173076923076923 0.42788461538461536 0.3048076923076923 0.43557692307692303 0.29230769230769227 0.4403846153846154 0.28076923076923077 0.44711538461538464 0.2673076923076923 0.4567307692307692 0.2519230769230769 0.4653846153846154 0.2403846153846154 0.47596153846153844 0.25384615384615383 0.47596153846153844 0.2653846153846154 0.47115384615384615 0.2759615384615385 0.46634615384615385 0.2875 0.46153846153846156 0.2980769230769231 0.45769230769230773 0.3125 0.44903846153846155 0.34423076923076923 0.4288461538461539 0.3557692307692308 0.4211538461538461 0.36826923076923074 0.41442307692307695 0.3913461538461539 0.40384615384615385 0.40576923076923077 0.3971153846153846 0.41923076923076924 0.3894230769230769 0.4288461538461539 0.38269230769230766 0.45576923076923076 0.3644230769230769 0.4644230769230769 0.36250000000000004 0.4778846153846154 0.3586538461538461 0.49615384615384617 0.35192307692307695 0.5144230769230769 0.3394230769230769 0.5240384615384616 0.33269230769230773 0.5317307692307692 0.32596153846153847 0.5413461538461538 0.31346153846153846 0.55 0.3076923076923077 0.5586538461538462 0.2971153846153846 0.5701923076923077 0.2826923076923077 0.46923076923076923 0.29038461538461535 0.45576923076923076 0.3076923076923077 0.44903846153846155 0.31634615384615383 0.44423076923076926 0.32403846153846155
0 0.5855769230769231 0.31442307692307697 0.6028846153846155 0.3096153846153846 0.6163461538461538 0.3019230769230769 0.625 0.2932692307692308 0.6365384615384616 0.2846153846153846 0.6480769230769231 0.27692307692307694 0.5894230769230769 0.28076923076923077 0.5817307692307693 0.28173076923076923 0.575 0.2875 0.573076923076923 0.2951923076923077 0.5673076923076923 0.3038461538461539 0.5586538461538462 0.3125 0.5490384615384616 0.32019230769230766 0.5605769230769231 0.3230769230769231 0.5740384615384616 0.3211538461538461 0.5855769230769231 0.31442307692307697
0 0.9182692307692307 0.24903846153846151 0.6567307692307692 0.27019230769230773 0.6134615384615384 0.3153846153846154 0.9961538461538461 0.28557692307692306 0.9951923076923077 0.23846153846153847 0.9788461538461538 0.24134615384615385 0.9182692307692307 0.24903846153846151
0 0.8769230769230769 0.3644230769230769 0.8701923076923077 0.36250000000000004 0.8701923076923077 0.3538461538461538 0.8701923076923077 0.34326923076923077 0.8721153846153846 0.3336538461538462 0.8769230769230769 0.32403846153846155 0.8894230769230769 0.3230769230769231 0.9096153846153846 0.3269230769230769 0.9173076923076924 0.31634615384615383 0.9173076923076924 0.29230769230769227 0.614423076923077 0.32019230769230766 0.5951923076923077 0.3173076923076923 0.5375 0.33557692307692305 0.5144230769230769 0.35096153846153844 0.6048076923076923 0.32596153846153847 0.48846153846153845 0.37403846153846154 0.46826923076923077 0.38173076923076926 0.4346153846153846 0.40384615384615385 0.4096153846153846 0.41923076923076924 0.3903846153846154 0.4269230769230769 0.3182692307692308 0.46057692307692305 0.3038461538461539 0.46634615384615385 0.28557692307692306 0.4778846153846154 0.6336538461538462 0.4913461538461539 0.7817307692307692 0.5048076923076923 0.9057692307692308 0.5134615384615384 0.9115384615384615 0.5115384615384616 0.9538461538461539 0.5192307692307693 0.9798076923076924 0.5211538461538462 0.9932692307692308 0.5201923076923077 0.9836538461538461 0.45576923076923076 0.9624999999999999 0.45096153846153847 0.9701923076923078 0.4269230769230769 0.9673076923076922 0.4153846153846154 0.9548076923076922 0.4105769230769231 0.9182692307692307 0.4125 0.8951923076923076 0.4105769230769231 0.8836538461538462 0.40384615384615385 0.8875 0.3903846153846154 0.8875 0.37596153846153846 0.885576923076923 0.36826923076923074 0.8769230769230769 0.3644230769230769
0 0.3019230769230769 0.47980769230769227 0.2865384615384615 0.4778846153846154 0.27884615384615385 0.47596153846153844 0.2653846153846154 0.47692307692307695 0.24423076923076922 0.4913461538461539 0.23653846153846156 0.4951923076923077 0.2557692307692308 0.510576923076923 0.22211538461538463 0.5086538461538461 0.20673076923076922 0.510576923076923 0.20192307692307693 0.5182692307692307 0.20673076923076922 0.5336538461538461 0.21057692307692305 0.5432692307692307 0.20961538461538462 0.5557692307692308 0.21538461538461537 0.5653846153846154 0.23365384615384616 0.5634615384615385 0.9951923076923077 0.5980769230769231 0.9913461538461538 0.5298076923076923 0.6336538461538462 0.5192307692307693 0.6317307692307692 0.5048076923076923 0.6269230769230769 0.4942307692307692 0.3173076923076923 0.48173076923076924 0.3019230769230769 0.47980769230769227
0 0.23752913701923078 0.5698717956730769 0.0641608389423077 0.5174242427884616 0.04667832211538462 0.5319930072115384 0.03939393990384616 0.5480186490384615 0.03356643269230769 0.5655011658653846 0.0364801875 0.5786130528846154 0.04522144471153847 0.5902680649038461 0.4575174831730769 0.6733100240384615 0.49248251682692307 0.6835081586538462 0.6687645697115384 0.7272144519230769 0.7736596730769231 0.7534382283653845 0.8683566442307692 0.7694638701923077 0.8814685312499999 0.7519813509615385 0.8829254086538462 0.7315850817307693 0.8756410264423077 0.7228438221153847 0.23752913701923078 0.5698717956730769