0 0.22797603605769232 0.47534353846153843 0.31710095913461533 0.2752546105769231 0.3290455360576923 0.2202036875 0.2785107884615385 0.20855830048076923 0.06994009375 0.6404963052884616 0.056157889423076916 0.6701391105769231 0.06810246634615384 0.6955472283653846 0.09566687500000001 0.7124859735576923 0.12966298076923077 0.7156619855769232 0.15906501442307694 0.6743737956730769 0.22797603605769232 0.47534353846153843
0 0.2913741778846154 0.5102797019230769 0.30607519471153843 0.48275424038461534 0.3125068918269231 0.4435833918269231 0.2987246875 0.4202926153846154 0.3134257043269231 0.39806051442307694 0.3299643485576923 0.3906498125 0.3400713004807692 0.3705350528846154 0.3400713004807692 0.3504202932692308 0.34099011298076926 0.3355988894230769 0.34099011298076926 0.32289483173076927 0.3354772331730769 0.2974867139423077 0.2996435 0.2953693701923077 0.22981366346153848 0.4605221370192308 0.22981366346153848 0.4996929855769231 0.2509463774038462 0.5166317307692307 0.2913741778846154 0.5102797019230769
0 0.3345584182692308 0.3853564543269231 0.3538535048076923 0.38747379807692306 0.3740674038461539 0.38218043990384615 0.3850931682692308 0.36100700721153844 0.3915248629807693 0.3440682644230769 0.3777426586538462 0.3419509182692308 0.37314859134615386 0.3144254591346154 0.34190892548076923 0.3144254591346154 0.3428277403846154 0.34089224759615383 0.3354772331730769 0.36206568028846153 0.3345584182692308 0.3853564543269231
0 0.3400713004807692 0.4361726899038461 0.35293468990384613 0.41711660096153846 0.34558418269230773 0.38641512740384615 0.3079128221153846 0.40229519951923076 0.2959682451923077 0.41499925721153846 0.3088316370192308 0.4351140192307692 0.3400713004807692 0.4361726899038461
0 0.33363960576923074 0.44464206250000005 0.30331875480769227 0.4435833918269231 0.3152633317307692 0.47534353846153843 0.3382336730769231 0.4806368966346154 0.33363960576923074 0.44464206250000005
0 0.3474218100961538 0.4658154951923077 0.36947333653846154 0.4774608822115385 0.3630416394230769 0.44464206250000005 0.3915248629807693 0.4435833918269231 0.41817045913461537 0.4277033173076923 0.42552096634615383 0.41394058653846155 0.4365467307692308 0.39382582692307694 0.4154140168269231 0.36841770913461536 0.39060605048076924 0.3588896658653846 0.3593663870192308 0.39488449999999997 0.33915248557692307 0.4118232451923077 0.3382336730769231 0.43405534615384617 0.3474218100961538 0.4658154951923077
0 0.37590503125 0.48698892788461534 0.38049910096153844 0.4859302548076923 0.39060605048076924 0.47534353846153843 0.41173876201923076 0.4584047932692308 0.42919622355769227 0.44675940625 0.49351317548076923 0.43405534615384617 0.4925943629807692 0.4160579302884615 0.48432504086538464 0.4001778581730769 0.47146164903846155 0.40123652884615385 0.43562791826923075 0.4266446466346154 0.37314859134615386 0.4308793341346154 0.3575287596153846 0.4509940913461538 0.37131096394230767 0.47534353846153843 0.37590503125 0.48698892788461534
0 0.33088316346153845 0.5621546081730769 0.3492594375 0.55686125 0.3657980817307692 0.5335704759615385 0.37590503125 0.5261597740384615 0.3814179134615384 0.4859302548076923 0.3446653677884616 0.5092210288461538 0.32445146875 0.5240424326923077 0.3207762139423077 0.5378051610576923 0.33088316346153845 0.5621546081730769
0 0.38876842067307693 0.5261597740384615 0.4043882548076923 0.5399225048076923 0.4282774086538461 0.55686125 0.4549230024038462 0.5430985192307692 0.4595170721153846 0.5293357908653846 0.47881215625 0.5251011033653846 0.4981072451923077 0.5219250889423077 0.4944319903846154 0.44570073317307696 0.4282774086538461 0.44887675000000005 0.4016318125 0.4700501802884615 0.38049910096153844 0.4922822836538462 0.38876842067307693 0.5261597740384615
0 0.054320262019230764 0.10480848557692307 0.005623139423076923 0.08363505288461538 0.005623139423076923 0.11221918750000001 0.07085890625 0.1450380048076923 0.07177772115384616 0.12174723076923076 0.054320262019230764 0.10480848557692307
0 0.7425116682692308 0.42558597596153847 0.7664008221153846 0.43829003365384617 0.7801830288461539 0.4541701081730769 0.7939652331730769 0.4975756418269231 0.8049909951923078 0.5314531322115384 0.7976404855769231 0.5547439086538462 0.5174023293269231 0.9580977788461538 0.6221470841346155 0.9602151201923077 0.9225991394230769 0.502869 0.93638134375 0.46158081009615387 0.9464882932692308 0.4277033173076923 0.9418942259615384 0.3853564543269231 0.9060604951923078 0.37582841105769227 0.8812525264423077 0.38641512740384615 0.8729832043269231 0.42346863221153846 0.8564445576923077 0.4721675240384616 0.8417435408653847 0.4933409567307692 0.8279613365384615 0.5102797019230769 0.8206108269230769 0.4912236129807692 0.8141791322115384 0.45311143509615387 0.7866147235576922 0.41817527403846155 0.6579808149038461 0.34936162019230765 0.5100518221153846 0.2752546105769231 0.49167554807692304 0.2445531346153846 0.4751369038461538 0.22126236057692308 0.4880002932692307 0.2064409567307692 0.46135469951923075 0.19585424278846153 0.45859825721153846 0.21385165865384614 0.47789334375 0.2551398485576923 0.46778639423076923 0.2561985216346154 0.4622735120192308 0.2561985216346154 0.46319232692307694 0.23502509134615385 0.45584181730769235 0.21491033173076923 0.45124775 0.19267822836538462 0.44665368028846153 0.1672701105769231 0.4172516466346154 0.16409409375 0.4099011346153846 0.17256346875 0.4236833389423077 0.18738486778846156 0.4310338485576923 0.19161955528846153 0.42919622355769227 0.2254970456730769 0.4347091033653846 0.23290774759615385 0.4282774086538461 0.23502509134615385 0.4099011346153846 0.2297317331730769 0.3400713004807692 0.20855830048076923 0.3069940096153846 0.19161955528846153 0.2913741778846154 0.2096169735576923 0.3400713004807692 0.24137712019230767 0.4429784254807692 0.2826653125 0.7425116682692308 0.42558597596153847