0 0.15714824038461536 0.5149939447115385 0.3432914230769231 0.3575753269230769 0.3284456466346154 0.3782320673076923 0.17199401682692306 0.5456229086538461 0.18912375721153846 0.5534582235576923 0.20282754807692308 0.5491844158653846 0.3752669399038462 0.35615072355769234 0.3627051298076923 0.3426169951923077 0.3147418557692308 0.3305078701923077 0.09662315625000001 0.2664007403846154 0.03838203846153846 0.25073010817307695 0.028104194711538463 0.2564285216346154 0.041807987980769235 0.26070232932692305 0.03724005769230769 0.2685376442307692 0.3238777163461538 0.3490277091346154 0.12745668990384615 0.5071586298076923 0.13430858653846153 0.5192677548076923 0.15714824038461536 0.5149939447115385
0 0.38440280048076925 0.26070232932692305 0.5271506394230769 0.2407578894230769 0.5385704663461538 0.2542916153846154 0.5442803798076923 0.2692499471153846 0.5579841706730769 0.25785312259615384 0.5442803798076923 0.23221027163461538 0.5317185697115385 0.22651186057692307 0.4883232283653846 0.23363487500000002 0.25878470192307695 0.2649761370192308 0.247364875 0.2614146298076923 0.21538935817307692 0.12607735576923076 0.19369168750000001 0.12678965865384614 0.22680918509615383 0.2635515360576923 0.23594504807692307 0.27281145432692305 0.2736304783653846 0.2735237548076923 0.38440280048076925 0.26070232932692305
0 0.4883232283653846 0.4416268966346154 0.46319960576923075 0.4473253076923077 0.44835383173076926 0.4815157788461538 0.50545296875 0.4850772860576923 0.50545296875 0.4537360216346154 0.4883232283653846 0.4416268966346154
0 0.5488483100961539 0.3240971586538462 0.5842497740384616 0.3119880336538462 0.5831077908653847 0.30059120913461534 0.5385704663461538 0.3127003341346154 0.5157308125 0.3127003341346154 0.49517512259615387 0.3582876274038461 0.5237246899038461 0.3618491346153846 0.5408544302884615 0.3554384206730769 0.5488483100961539 0.3240971586538462
0 0.9416903629807692 0.2970297019230769 0.8286340745192308 0.29845430528846156 0.7269976129807693 0.2970297019230769 0.7110098557692308 0.2977420048076923 0.7144358028846154 0.30842652644230767 0.9656720000000001 0.3098511298076923 0.9919376009615385 0.31056343028846156 0.9942215673076924 0.29916660817307694 0.9416903629807692 0.2970297019230769
0 0.8628935552884616 0.28492057932692305 0.8491897644230769 0.2514424110576923 0.8252081274038462 0.2585654254807692 0.8377699375 0.29061899038461536 0.8480477812499999 0.29631740144230767 0.8617515721153846 0.2913312908653846 0.8628935552884616 0.28492057932692305
0 0.6961640793269231 0.11254362980769231 0.6836022692307692 0.27494835817307695 0.7144358028846154 0.2742360576923077 0.7281395961538462 0.11254362980769231 0.6961640793269231 0.11254362980769231
0 0.8583256250000001 0.09402379086538462 0.8332020048076922 0.09331149038461538 0.8217821778846154 0.21297813221153847 0.8389119182692307 0.2165396394230769 0.8583256250000001 0.09402379086538462
0 0.21494726682692308 0.062034204326923074 0.2266884903846154 0.14086934134615386 0.23704839423076923 0.1434540985576923 0.2259978317307692 0.062034204326923074 0.21494726682692308 0.062034204326923074
0 0.2791786658653846 0.054710721153846155 0.2916105504807692 0.16240899519230767 0.3081863966346154 0.16240899519230767 0.2888479110576923 0.05600310096153846 0.2791786658653846 0.054710721153846155
0 0.2550055600961538 0.22616637259615385 0.2653654615384615 0.2205660625 0.2653654615384615 0.21238099278846154 0.26329348317307694 0.20031878605769232 0.2702000841346154 0.19299530528846154 0.2916105504807692 0.18136389182692308 0.2943731923076923 0.1878257860576923 0.3040424326923077 0.19041054567307691 0.3123303557692308 0.18567182211538463 0.3123303557692308 0.1731788221153846 0.32338091826923077 0.16628613221153848 0.3399567644230769 0.15163916826923077 0.3344314831730769 0.14000775480769231 0.2916105504807692 0.16456296153846153 0.24809895673076923 0.18825658173076926 0.23981103605769233 0.1460388581730769 0.22461651201923075 0.14388489182692307 0.23981103605769233 0.21884288942307692 0.24464565625 0.22358161298076923 0.2550055600961538 0.22616637259615385
0 0.5609680288461538 0.27269202644230767 0.5699466129807692 0.2395209591346154 0.5761625528846154 0.21496575240384616 0.5809971754807692 0.17447120192307694 0.591357079326923 0.163701375 0.6093142427884616 0.15034678846153846 0.6238181081730769 0.1499159951923077 0.6763082836538461 0.14862361538461538 0.7218918581730769 0.14776203125 0.7619501466346155 0.1464696514423077 0.817893625 0.14302330528846155 0.8745277620192307 0.14388489182692307 0.8814343629807693 0.13139189182692307 0.8917942668269231 0.043079310096153844 0.8862689855769231 0.04264851682692308 0.8807437019230769 0.04480248076923077 0.8759090817307692 0.12234523798076924 0.8655491778846154 0.13656140865384614 0.8248002259615385 0.13785378846153845 0.7419210024038462 0.14086934134615386 0.690121485576923 0.14216171875 0.6493725360576923 0.1434540985576923 0.6100049038461539 0.14388489182692307 0.59411971875 0.14948520192307693 0.5809971754807692 0.16025502884615386 0.5927383990384615 0.08788179086538461 0.5961916995192308 0.06332658413461538 0.5961916995192308 0.023693620192307693 0.5892850985576923 0.02412441346153846 0.5892850985576923 0.06289579086538462 0.5471548269230769 0.2330590625 0.5381762427884615 0.25761426682692307 0.5347229423076922 0.27010726682692304 0.5609680288461538 0.27269202644230767
0 0.5209097379807692 0.20591909615384615 0.47394484375 0.20591909615384615 0.4318145721153846 0.20591909615384615 0.4110947668269231 0.19687244230769232 0.4034975024038462 0.18825658173076926 0.40418816346153846 0.17877913221153846 0.3959002403846154 0.16887089182692308 0.3855403389423077 0.16456296153846153 0.37034581250000004 0.16930168509615384 0.36896449278846155 0.16068582211538462 0.3641298725961538 0.14216171875 0.3641298725961538 0.12277603125 0.35446062740384615 0.11846810096153847 0.33650346394230773 0.12105285817307693 0.34133808653846154 0.13957696153846155 0.34271940624999997 0.16327058173076925 0.34410072596153846 0.17576358173076922 0.35515128846153843 0.18136389182692308 0.3668925120192308 0.17877913221153846 0.3848496778846154 0.18050230528846153 0.3848496778846154 0.19127213221153846 0.3959002403846154 0.20290354567307695 0.4166200480769231 0.20893464903846154 0.4325052307692308 0.2093654423076923 0.5015712524038461 0.21065781971153846 0.5312696394230769 0.21195019951923078 0.5492268052884616 0.2162581298076923 0.5588960480769231 0.2110886153846154 0.5499174663461539 0.20634988942307692 0.5209097379807692 0.20591909615384615
0 0.39244693990384616 0.151208375 0.37794307692307694 0.061603411057692306 0.36965515384615383 0.06289579086538462 0.38139637740384613 0.14776203125 0.37932439663461537 0.16068582211538462 0.39728156249999996 0.16413216826923077 0.3952095817307692 0.1576702716346154 0.39244693990384616 0.151208375
0 0.3019704543269231 0.054710721153846155 0.28953856971153846 0.04523327403846154 0.3095677163461538 0.138715375 0.3178556370192308 0.14043854807692308 0.3144023365384615 0.12105285817307693 0.3019704543269231 0.054710721153846155
0 0.6783802644230769 0.17705595913461536 0.690121485576923 0.17188644230769232 0.690121485576923 0.16628613221153848 0.6756176225961539 0.16714771875 0.6714736610576922 0.13182268509615386 0.6694016802884615 0.10597510096153846 0.706006670673077 0.10123637740384615 0.7239638365384615 0.0930513076923077 0.7239638365384615 0.09003575721153846 0.72534515625 0.08486623798076923 0.7412303437500001 0.08271227403846154 0.7792166538461539 0.0771119639423077 0.8158216442307692 0.07323482451923077 0.8213469254807693 0.06591134134615385 0.8296348485576923 0.06504975721153847 0.8973195480769232 0.06289579086538462 0.9228739759615384 0.061603411057692306 0.9297805769230769 0.05600310096153846 0.9380685 0.006031103365384615 0.9318525576923077 0.005600310096153846 0.9208019951923077 0.05858786057692308 0.8745277620192307 0.061603411057692306 0.8199656057692307 0.06289579086538462 0.8227282451923077 0.03015551682692308 0.8130590024038462 0.031017100961538462 0.8096057019230769 0.059449447115384614 0.7957924975961539 0.06763451442307691 0.7294891177884615 0.07668117067307692 0.7232731754807692 0.07538879086538462 0.7232731754807692 0.03747899759615385 0.7177478942307692 0.03704820673076923 0.7149852548076924 0.07151165384615385 0.7129132740384615 0.09262051442307692 0.6935747884615384 0.10123637740384615 0.6624950793269231 0.10382113461538461 0.6576604567307692 0.07840434134615384 0.6611137596153847 0.024986 0.6493725360576923 0.025847586538461538 0.6473005552884616 0.08615861778846154 0.6279620697115385 0.0865894110576923 0.6279620697115385 0.08917417067307692 0.6507538557692307 0.08960496153846154 0.6521351754807692 0.13785378846153845 0.6314153701923076 0.13526903125 0.6300340504807692 0.138715375 0.6542071562499999 0.14173092548076924 0.6569697980769231 0.1499159951923077 0.6776896033653846 0.27312281971153846 0.6852868653846154 0.2520139567307692 0.6859775264423077 0.20548830528846154 0.6783802644230769 0.17705595913461536
0 0.7571155264423077 0.24856761298076924 0.7619501466346155 0.24210571634615385 0.7191292163461539 0.24382888942307693 0.7170572355769231 0.25589109615384614 0.7412303437500001 0.2537371298076923 0.7571155264423077 0.24856761298076924
0 0.35860459134615386 0.03618662019230769 0.36482053125 0.09865161778846154 0.37034581250000004 0.10855985817307692 0.37518043509615384 0.10597510096153846 0.35860459134615386 0.03618662019230769
0 0.43388655288461536 0.0818506875 0.42974259134615383 0.04824882692307692 0.4242173100961538 0.04824882692307692 0.4276706105769231 0.0865894110576923 0.38692165865384615 0.0865894110576923 0.3876123173076923 0.09218972115384615 0.4325052307692308 0.08917417067307692 0.43388655288461536 0.0818506875
0 0.44839041586538464 0.07754275721153846 0.44562777403846154 0.07280403125 0.4394118341346154 0.07108086057692307 0.43043325240384617 0.022401240384615384 0.4359585336538461 0.08141989423076924 0.44010249278846153 0.08141989423076924 0.44355579567307696 0.07581958413461538 0.44839041586538464 0.07754275721153846
0 0.4863767283653846 0.05600310096153846 0.4767074855769231 0.05600310096153846 0.4822327668269231 0.09262051442307692 0.48844870913461536 0.09262051442307692 0.4863767283653846 0.05600310096153846
0 0.5423202043269231 0.06634213701923077 0.5457735048076923 0.0693576875 0.5492268052884616 0.06849610096153846 0.547845485576923 0.03877137740384616 0.5416295432692307 0.040063757211538466 0.5423202043269231 0.06375737740384615 0.5312696394230769 0.06461896394230769 0.5312696394230769 0.018093310096153847 0.5243630384615384 0.018093310096153847 0.52298171875 0.08098910096153845 0.5298883197115385 0.08271227403846154 0.5305789807692307 0.07108086057692307 0.5423202043269231 0.06634213701923077
0 0.9988465985576924 0.09064748317307693 0.9988465985576924 0.0841726610576923 0.9698388677884615 0.08357386057692308 0.9587883052884615 0.08917417067307692 0.9532630240384615 0.09132813461538461 0.9608602860576922 0.03230948317307692 0.9525723653846154 0.03230948317307692 0.9422124615384615 0.09520527163461538 0.9594789663461539 0.09822082451923077 0.9677668870192307 0.09046654807692309 0.9988465985576924 0.09064748317307693
0 0.9712201899038462 0.07323482451923077 0.9974652764423078 0.07452720432692307 0.9988465985576924 0.06906474759615384 0.9940119759615385 0.06849610096153846 0.9622416057692308 0.06978848076923078 0.9580976466346154 0.07366561778846153 0.9677668870192307 0.07538879086538462 0.9712201899038462 0.07323482451923077
0 0.5119311538461538 0.07108086057692307 0.5015712524038461 0.07021927403846154 0.5015712524038461 0.11329858173076923 0.5126218149038462 0.11329858173076923 0.5119311538461538 0.07108086057692307