3 0 0.32581453605769234 0.006884670673076923 0.29292640865384617 0.012510548076923077 0.24428158894230767 0.02165260096153846 0.1702568653846154 0.023762307692307694 0.12055455048076923 0.02024613221153846 0.07613971634615385 0.01040084375 0.005287480769230769 0 0.002506266826923077 0.0005555552884615385 0.08988716586538462 0.0019620240384615384 0.15545192067307692 0 0.19047618990384615 0 0.32581453605769234
3 0.04345288221153846 0.14487695913461537 0.07509845432692308 0.19669426923076921 0.11518284134615384 0.2178441875 0.16159634375 0.20515423557692308 0.1798804495192308 0.2220741730769231 0.20238396634615385 0.27071899278846157 0.2262939519230769 0.3341687548076923 0.2445780576923077 0.39550352644230774 0.2480942331730769 0.4229984230769231 0.24668776442307694 0.4441483461538462 0.22277777884615385 0.4663557620192308 0.21363572596153846 0.51182809375 0.21644866346153846 0.5699903749999999 0.2262939519230769 0.599600266826923 0.23332630048076922 0.6080602355769231 0.24387482451923076 0.5964277788461538 0.2354360048076923 0.5795078413461539 0.2262939519230769 0.5477829591346154 0.23191983173076924 0.5213455600961538 0.2354360048076923 0.4970231490384615 0.25723628605769233 0.46424077163461536 0.26004922596153845 0.4462633389423077 0.25864275721153845 0.3806985817307692 0.2445780576923077 0.34474371634615386 0.206603375 0.24428158894230767 0.18199015384615386 0.1945792764423077 0.16089310817307692 0.1892917956730769 0.12080872115384615 0.1903492908653846 0.11026019711538462 0.1945792764423077 0.08564697596153846 0.18083182692307692 0.04837552644230769 0.12266954326923077 0.03431082932692308 0.12689952644230768 0.02587201201923077 0.15122193750000001 0.02165260096153846 0.1744868485576923 0.01743319230769231 0.2252466610576923 0.009697608173076923 0.28129395192307693 0.006884670673076923 0.31619132211538464 0.02657524759615385 0.31936381009615383 0.02798171634615385 0.24005160576923076 0.030794653846153843 0.17977433173076923 0.04345288221153846 0.14487695913461537
3 0.1573769326923077 0.3574336682692308 0.1538607596153846 0.3912735408653846 0.1573769326923077 0.4166534495192308 0.15808016826923074 0.4462633389423077 0.18550632932692307 0.46847075480769235 0.20379043749999998 0.4663557620192308 0.20800984615384616 0.4536658100961538 0.1918354423076923 0.4526083125 0.17636427403846153 0.44837833173076924 0.16722222115384613 0.42088343028846154 0.16581575240384616 0.3870435600961538 0.17144163221153846 0.35849116586538465 0.1749578076923077 0.3235937956730769 0.17425457211538461 0.2960988966346154 0.16159634375 0.26014403124999996 0.15315752403846153 0.22947664423076922 0.14471870673076923 0.21995918028846154 0.14049929567307692 0.22418916586538462 0.15597046394230768 0.2770639663461539 0.16722222115384613 0.322536298076923 0.1573769326923077 0.3574336682692308
3 0.15667369951923077 0.4462633389423077 0.17214486778846153 0.47164324278846154 0.18902250240384613 0.47587322836538465 0.20871307932692307 0.47904571634615384 0.20730661057692307 0.47164324278846154 0.18058368509615383 0.45155081730769225 0.15808016826923074 0.43251588942307695 0.13557665384615383 0.42511341586538465 0.12151195432692306 0.38492856730769226 0.11307313701923076 0.3976185192307692 0.12432489423076923 0.43463088221153845 0.13557665384615383 0.4441483461538462 0.15667369951923077 0.4462633389423077
3 0.20800984615384616 0.48539069230769233 0.12151195432692306 0.4737582355769231 0.12432489423076923 0.48539069230769233 0.15315752403846153 0.4906781730769231 0.20871307932692307 0.5001956370192308 0.20800984615384616 0.48539069230769233
3 0.10533755288461538 0.6281526586538462 0.12502812980769232 0.6260376682692308 0.14471870673076923 0.6070027403846153 0.15526723076923077 0.5742203605769232 0.14471870673076923 0.5795078413461539 0.12924753846153847 0.61229021875 0.11940224999999999 0.61229021875 0.10955696153846153 0.6070027403846153 0.12221518990384615 0.5731628653846154 0.12432489423076923 0.5509554495192307 0.13627988701923077 0.5245180456730769 0.1538607596153846 0.5023106298076923 0.16440928365384616 0.5012531322115384 0.15597046394230768 0.4864481875 0.12713783413461538 0.5171155745192307 0.11096343269230768 0.5562429278846154 0.09830520432692308 0.5985427692307692 0.10533755288461538 0.6281526586538462
3 0.046265824519230773 0.733902266826923 0.02305907211538462 0.7508222019230769 0.02798171634615385 0.7666846442307692 0.033607596153846155 0.7603396658653847 0.07087904326923077 0.7275572908653847 0.1123699014423077 0.6778549759615384 0.15034458413461538 0.6186351947115385 0.18902250240384613 0.5773928485576924 0.21363572596153846 0.5467254639423077 0.21363572596153846 0.5319205192307692 0.20379043749999998 0.5361505048076923 0.16722222115384613 0.5837378245192307 0.13838959134615386 0.6175776995192308 0.1032278485576923 0.6619925336538461 0.046265824519230773 0.733902266826923
3 0.19113220913461537 0.7296722836538462 0.21574542788461537 0.7497647067307691 0.2452812932692308 0.7603396658653847 0.27763009855769233 0.7561096850961538 0.3071659639423077 0.7582246778846155 0.3240436009615385 0.7571671802884615 0.3423277067307692 0.7783171009615385 0.3458438822115385 0.76351215625 0.33670182932692305 0.7444772283653845 0.31560478124999997 0.7444772283653845 0.28044303846153845 0.7413047403846154 0.25723628605769233 0.7444772283653845 0.2396554158653846 0.7402472427884615 0.22207454326923076 0.7349597620192309 0.20800984615384616 0.7264997956730769 0.1925386778846154 0.7042923750000001 0.18269338942307692 0.6662225192307693 0.1707383966346154 0.6598775408653845 0.15808016826923074 0.6165202019230769 0.14471870673076923 0.6323826442307693 0.16792545673076922 0.6651650216346153 0.18128692067307692 0.6916024230769231 0.19113220913461537 0.7296722836538462
3 0.18480309615384616 0.6619925336538461 0.1925386778846154 0.6281526586538462 0.2143389591346154 0.6165202019230769 0.23895218028846152 0.6228651802884616 0.2361392403846154 0.6048877475961538 0.22066807451923076 0.6027727548076923 0.1904289735576923 0.61229021875 0.17777074519230768 0.6313251490384615 0.1749578076923077 0.658820045673077 0.16722222115384613 0.6789124711538462 0.1538607596153846 0.6863149423076924 0.15597046394230768 0.7064073677884615 0.1686286923076923 0.7180398245192308 0.17425457211538461 0.6947749134615384 0.18480309615384616 0.6619925336538461
3 0.4471097043269231 0.8068694927884615 0.5040717307692307 0.801582014423077 0.532904360576923 0.7740871153846154 0.5272784807692308 0.7561096850961538 0.4977426177884615 0.7899495552884616 0.45273558413461534 0.7910070528846155 0.3725668076923077 0.8026395120192308 0.3430309423076923 0.7952370384615384 0.35217299519230766 0.8290769134615386 0.3725668076923077 0.8132144711538462 0.4035091418269231 0.8068694927884615 0.4471097043269231 0.8068694927884615
3 0.27692686298076924 0.4727007403846154 0.26286216586538463 0.3859860625 0.24035864903846155 0.39550352644230774 0.26215893269230767 0.4822182019230769 0.2853656826923077 0.60383025 0.3205274254807692 0.7370747548076924 0.3430309423076923 0.7307297764423077 0.3198241923076923 0.6704525048076923 0.30154008413461536 0.5879678100961538 0.27692686298076924 0.4727007403846154
3 0.3831153293269231 0.5361505048076923 0.4253094230769231 0.4959656514423077 0.4689099855769231 0.457895795673077 0.4555485240384615 0.44203335336538463 0.38733474038461535 0.5033681249999999 0.3507665264423077 0.5382654927884615 0.3029465528846154 0.5710478725961539 0.2635654014423077 0.6017152572115385 0.24106188461538464 0.6270951634615384 0.24668776442307694 0.645072596153846 0.2727074543269231 0.6207501875 0.32615330528846154 0.582680329326923 0.3831153293269231 0.5361505048076923
3 0.33177918509615384 0.6419001081730769 0.34514064663461536 0.64613009375 0.32334036538461536 0.5932552908653845 0.28606891586538463 0.4822182019230769 0.28325597596153845 0.49913813942307694 0.3029465528846154 0.5805653389423078 0.3240436009615385 0.6344976370192307 0.33177918509615384 0.6419001081730769
3 0.38030239182692305 0.49913813942307694 0.3528762307692308 0.4441483461538462 0.3163080168269231 0.3997335120192308 0.21011955048076925 0.20938422115384617 0.17355133653846153 0.14593445673076924 0.1327637139423077 0.005287480769230769 0.11377637259615384 0 0.14331223557692307 0.08777217307692307 0.16089310817307692 0.1565094158653846 0.1862095625 0.1998667548076923 0.22418424759615385 0.268604 0.2909915625 0.3838710697115385 0.31841772115384614 0.4198259375 0.3493600576923077 0.4589532908653846 0.3781926875 0.5403804855769231 0.39014768028846153 0.5858528173076923 0.4098382572115385 0.6175776995192308 0.3964767932692308 0.5530704375 0.38030239182692305 0.49913813942307694
3 0.23473276923076922 0.134302 0.26145569711538463 0.17977433173076923 0.28325597596153845 0.22418916586538462 0.3120886081730769 0.3214788028846154 0.3268565408653846 0.31936381009615383 0.29169479567307693 0.21995918028846154 0.24106188461538464 0.12689952644230768 0.20871307932692307 0.10046212499999999 0.20449367067307692 0.12161204807692308 0.2269971875 0.17554434615384615 0.23895218028846152 0.17131436057692306 0.21855836778846155 0.14064697596153847 0.21644866346153846 0.12055455048076923 0.23473276923076922 0.134302
3 0.4154641346153846 0.33839874038461537 0.4372644158653846 0.35849116586538465 0.4513291129807693 0.4007910072115385 0.4682067524038462 0.40184850480769235 0.4548452884615385 0.36483613942307697 0.4316385360576923 0.3246512908653846 0.39718002884615383 0.30561636057692304 0.3718635721153846 0.3066738581730769 0.34514064663461536 0.3172488173076923 0.3662376923076923 0.3331112572115385 0.3732700408653846 0.3204213052884616 0.4154641346153846 0.33839874038461537