3 0.9992307692307693 0.9049111802884616 0.9988267283653846 0.0021109735576923076 0.004265735576923077 0.0021109735576923076 0.004265735576923077 0.6354031442307692 0 0.8432601875000001 0.004265735576923077 0.908774264423077 0.9992307692307693 0.9049111802884616
3 0.5419502716346154 0.313479625 0.5706993004807692 0.29870280769230767 0.627420358173077 0.2459284591346154 0.6631623942307693 0.20687544230769234 0.73853146875 0.11821453846153845 0.7680574975961538 0.0876054158653846 0.8201165504807691 0.06016275721153846 0.8908236201923077 0.042219478365384616 0.9498756802884615 0.041163990384615386 0.9964957259615385 0.039053016826923075 0.9980497283653846 0.009499382211538461 0.940551670673077 0.0021109735576923076 0.8348795649038461 0.0253316875 0.7657264951923076 0.05805178365384615 0.6522843822115385 0.16993339903846155 0.564483295673077 0.26598271153846154 0.5349572644230769 0.2839259903846154 0.4984382283653846 0.29659183173076925 0.49455322355769227 0.3124241370192308 0.44249417307692307 0.29870280769230767 0.32672105769230775 0.27020465865384613 0.3166200480769231 0.27548209375 0.31506604567307694 0.3082021899038461 0.42151515144230767 0.3314229014423077 0.49921522836538457 0.3293119278846154 0.5419502716346154 0.313479625
3 0.4409401706730769 0.16782242548076923 0.5147552451923076 0.1530456081730769 0.5473892788461538 0.14143524999999998 0.6087723389423076 0.13088038221153847 0.7268764567307693 0.07599506009615385 0.7571794879807693 0.06121824278846154 0.755625485576923 0.031664608173076925 0.6670473966346153 0.0812724951923077 0.5714763004807693 0.10765966826923078 0.4797902091346154 0.13510232932692307 0.43239316346153844 0.1435462235576923 0.37722610576923077 0.1551565817307692 0.3329370625 0.18576570432692308 0.31506604567307694 0.21004190384615384 0.3166200480769231 0.2332626153846154 0.3414840721153846 0.21004190384615384 0.3857731153846154 0.18259924278846154 0.4409401706730769 0.16782242548076923
3 0.18841491826923076 0.2902589110576923 0.28942501923076924 0.28920342307692304 0.3236130528846154 0.2944808581730769 0.3096270408653846 0.26809368509615383 0.23969697115384614 0.2723156322115385 0.16976689903846154 0.26598271153846154 0.10139083173076924 0.2712601466346154 0.008927740384615385 0.28709244951923074 0.008927740384615385 0.3050357283653846 0.05865578846153847 0.29553634615384616 0.10838383894230769 0.2902589110576923 0.18841491826923076 0.2902589110576923
3 0.7097824399038462 0.8707767331730769 0.6406293701923077 0.820113360576923 0.5481662788461539 0.7377853774038462 0.3282750576923077 0.5477977259615385 0.3096270408653846 0.5868507451923077 0.6981274278846155 0.9056078028846154 0.7463014759615384 0.90982975 0.7097824399038462 0.8707767331730769
3 0.18297591346153846 0.6976768725961539 0.17598290625 0.73039696875 0.30885003846153847 0.9024413413461538 0.36246309134615384 0.908774264423077 0.18297591346153846 0.6976768725961539
3 0.23037295913461536 0.7219530721153846 0.4176301466346154 0.6902884639423077 0.5458352764423077 0.6649567764423078 0.5388422692307693 0.6332921682692307 0.2295959591346154 0.6871220048076924 0.19696192788461536 0.6955658990384616 0.0034887331730769234 0.7029543076923077 0.0058197355769230765 0.7388408629807692 0.17986791105769231 0.7409518389423078 0.22415695432692306 0.7398963509615384 0.23037295913461536 0.7219530721153846
3 0.03534576442307692 0.7388408629807692 0.053216783653846154 0.6786781081730768 0.10139083173076924 0.5615190552884616 0.1868609158653846 0.4570258485576923 0.24358197355769232 0.4105844230769231 0.2855400144230769 0.39264114423076923 0.37256410336538465 0.36519848317307696 0.4953302259615385 0.34619971875 0.4953302259615385 0.3240344927884615 0.4013131322115384 0.33881131009615384 0.30496503365384614 0.3683649447115384 0.23114996153846154 0.3947521201923077 0.18064491105769231 0.44224903125 0.11459984375 0.519299579326923 0.06564879567307692 0.6026830480769231 0.027575757211538463 0.7040097956730769 0.0011577307692307692 0.8021700817307693 0 0.8129571586538462 0.0019347331730769231 0.8749986802884616 0.03534576442307692 0.7388408629807692
3 0.269223 0.9003303677884615 0.2917560216346154 0.8876645240384615 0.3974281274038462 0.8813316009615384 0.4510411802884615 0.8559999158653846 0.4759052067307692 0.8222243341346154 0.4634731947115384 0.8095584903846155 0.3748951057692308 0.8465005336538461 0.2801010096153846 0.8633883245192308 0.1922999230769231 0.8454450456730769 0.027575757211538463 0.7895042379807692 0.017474747596153847 0.820113360576923 0.1674358966346154 0.8676102716346155 0.2334809639423077 0.8918864711538461 0.269223 0.9003303677884615
3 0.16898989903846154 0.8443895600961538 0.22493395432692306 0.832779201923077 0.24435897355769232 0.8158914110576923 0.2327039639423077 0.7958371610576923 0.16355089423076924 0.8180023846153847 0.07108780048076922 0.8549444278846153 0.004265735576923077 0.8760541682692308 0.0027117331730769226 0.9056078028846154 0.07031080048076924 0.8844980625 0.11226884134615384 0.8633883245192308 0.16898989903846154 0.8443895600961538
3 0.2202719495192308 0.7895042379807692 0.27699300721153847 0.774727420673077 0.3904351201923077 0.7251195336538461 0.4588111875 0.7135091778846154 0.42695415625 0.6818445697115384 0.26844599759615384 0.7377853774038462 0.16898989903846154 0.782115829326923 0.10760683653846154 0.8053365432692308 0.015143745192307692 0.8317237163461539 0.012812742788461538 0.85177796875 0.06720279807692307 0.8412230985576923 0.13868686778846154 0.8243353076923078 0.2202719495192308 0.7895042379807692
3 0.1293628581730769 0.8559999158653846 0.10216783173076924 0.8665547836538461 0.053216783653846154 0.9034968293269231 0.09595182692307692 0.9056078028846154 0.10760683653846154 0.8929419591346155 0.1293628581730769 0.8559999158653846
3 0.10682983653846154 0.9066632884615384 0.15344988221153846 0.8697212451923076 0.1363558653846154 0.8591663749999999 0.10294483413461539 0.8950529326923077 0.10682983653846154 0.9066632884615384
3 0.37567210576923077 0.7768383942307693 0.4191841490384615 0.7673390120192308 0.44404817307692307 0.7557286562500001 0.48212121153846155 0.7356744038461538 0.46191919230769235 0.7166756394230769 0.4176301466346154 0.7282859951923076 0.3811111105769231 0.7430628125 0.32050505048076927 0.7705054711538462 0.23581196634615387 0.8222243341346154 0.11149184134615385 0.8950529326923077 0.144902875 0.9066632884615384 0.3127350432692308 0.8116694639423077 0.3554700865384615 0.7831713149038462 0.37567210576923077 0.7768383942307693
3 0.7260994567307691 0.7800048557692307 0.7641724927884616 0.7388408629807692 0.7649494951923077 0.7314524567307692 0.6289743581730769 0.7863377764423076 0.3570240865384615 0.8961084206730768 0.35469308413461537 0.9056078028846154 0.4355011658653846 0.90982975 0.5675912980769231 0.8538889423076923 0.7260994567307691 0.7800048557692307
3 0.5590442884615384 0.8559999158653846 0.4572571875 0.9045523149038461 0.4906682211538461 0.908774264423077 0.5419502716346154 0.8918864711538461 0.5590442884615384 0.8559999158653846
3 0.7362004663461538 0.5625745432692308 0.7758275072115384 0.4813020480769231 0.7983605288461538 0.46335876923076924 0.8146775456730769 0.4665252307692308 0.8084615384615385 0.44752646634615384 0.7750505048076923 0.454914875 0.7455244759615384 0.4886904567307692 0.6989044302884615 0.5836842836538462 0.5916783221153846 0.7736719326923077 0.5396192692307692 0.9013858557692308 0.5738073028846153 0.9056078028846154 0.6157653461538461 0.77578290625 0.6794794086538462 0.6628458028846154 0.7362004663461538 0.5625745432692308
3 0.5629292932692308 0.7377853774038462 0.6165423461538461 0.6955658990384616 0.6515073822115384 0.6755116466346155 0.6686013990384615 0.6449025264423077 0.6592773894230769 0.6449025264423077 0.5916783221153846 0.6744561610576922 0.5186402475961539 0.7335634302884616 0.46580419711538457 0.8074475168269231 0.4828982139423077 0.8158914110576923 0.4976612283653846 0.7979481346153846 0.5240792548076922 0.7683944975961539 0.5629292932692308 0.7377853774038462
3 0.7626184927884616 0.9045523149038461 0.8745066057692308 0.90982975 0.9063636370192308 0.8929419591346155 0.9257886562500001 0.8697212451923076 0.8698446009615384 0.8792206274038462 0.8240015528846154 0.8834425769230769 0.7843745144230769 0.8813316009615384 0.7284304591346153 0.8486115072115384 0.6763714062499999 0.7884487524038462 0.6320823629807693 0.744118298076923 0.61421134375 0.7705054711538462 0.6662703966346153 0.832779201923077 0.7307614615384614 0.8823870889423078 0.7626184927884616 0.9045523149038461
3 0.9980497283653846 0.794781673076923 0.9475446778846154 0.8465005336538461 0.8869386177884616 0.8992748798076923 0.9444366754807691 0.9024413413461538 0.9980497283653846 0.8581108894230769 0.9980497283653846 0.794781673076923
3 0.8527505841346154 0.4686362043269231 0.8713986009615385 0.4359161105769231 0.8550815865384614 0.4126953966346154 0.8294405600961539 0.46124779567307694 0.8139005432692308 0.4791910745192308 0.8061305360576922 0.5330209086538461 0.7913675216346154 0.6174598653846155 0.7711655024038462 0.6755116466346155 0.756402485576923 0.7588951153846154 0.7354234663461539 0.8559999158653846 0.7633954927884615 0.8707767331730769 0.8278865576923077 0.5594080817307693 0.8372105673076924 0.5003008149038461 0.8527505841346154 0.4686362043269231
3 0.8667365961538462 0.6575683677884616 0.8962626250000001 0.6237927860576923 0.9094716394230768 0.6100714567307692 0.8900466201923076 0.5900172043269231 0.8208935504807692 0.6649567764423078 0.7012354326923076 0.8095584903846155 0.6996814302884615 0.8232798197115384 0.7175524471153847 0.8370011514423077 0.7486324783653846 0.7990036201923078 0.8247785552884616 0.711398204326923 0.8667365961538462 0.6575683677884616
3 0.8892696201923077 0.8169468990384616 0.9242346538461538 0.8169468990384616 0.9716317019230769 0.82644628125 0.9770707067307692 0.8032255673076923 0.9195726490384615 0.7895042379807692 0.9094716394230768 0.7852822908653846 0.8884926177884616 0.7895042379807692 0.848088579326923 0.8232798197115384 0.8154545456730768 0.8792206274038462 0.8395415697115385 0.8781651418269232 0.8745066057692308 0.8338346899038461 0.8892696201923077 0.8169468990384616
3 0.8558585865384616 0.7420073245192308 0.8814996105769232 0.6670677524038461 0.8908236201923077 0.6164043774038461 0.8892696201923077 0.5910726923076923 0.8970396274038461 0.5699629519230769 0.8916006225961539 0.5530751610576923 0.880722610576923 0.5699629519230769 0.8752836057692307 0.5952946394230769 0.8760606057692308 0.628014735576923 0.8620745913461539 0.6839555432692308 0.8442035745192308 0.73039696875 0.8278865576923077 0.8032255673076923 0.8131235432692308 0.8665547836538461 0.8325485625 0.8633883245192308 0.8286635576923077 0.8496669927884616 0.8410955697115384 0.8127249519230768 0.8558585865384616 0.7420073245192308
3 0.5536052836538462 0.7018988221153847 0.5668142980769231 0.6881774903846154 0.5940093245192307 0.6691787259615385 0.6002253293269231 0.6533464206730769 0.6289743581730769 0.5868507451923077 0.6313053605769231 0.5488532139423077 0.6577233870192308 0.44541549278846154 0.6872494158653846 0.32297900721153844 0.7152214447115385 0.26387173798076924 0.7494094783653846 0.23220712740384614 0.7812665120192308 0.21215287740384614 0.7789355096153846 0.1899876514423077 0.7470784759615385 0.2079309278846154 0.7183294495192307 0.2343181033653846 0.6849184134615385 0.29553634615384616 0.6600543894230769 0.3662539711538461 0.6289743581730769 0.4950233798076923 0.6204273509615384 0.5404093173076923 0.6157653461538461 0.5879062307692308 0.6033333341346154 0.6248482740384615 0.5808003100961538 0.6554573942307692 0.55049728125 0.6765671346153846 0.5318492620192308 0.7071762548076923 0.5334032620192308 0.724064048076923 0.5458352764423077 0.7208975865384615 0.5536052836538462 0.7018988221153847
3 0.5217482524038461 0.5963501274038461 0.6111033413461538 0.5952946394230769 0.6538383846153846 0.5900172043269231 0.6903574206730769 0.576295875 0.7719425024038462 0.5562416225961538 0.8395415697115385 0.5330209086538461 0.8698446009615384 0.5256325 0.893931625 0.5087447091346153 0.9156876442307692 0.4865794831730769 0.9343356634615384 0.4865794831730769 0.9716317019230769 0.49713435336538464 0.9988267283653846 0.49924532692307694 0.9992307692307693 0.49529780528846157 0.9964957259615385 0.4813020480769231 0.9273426586538461 0.46546974519230766 0.9048096346153846 0.4791910745192308 0.8846076153846153 0.4908014326923077 0.8581895889423077 0.5087447091346153 0.756402485576923 0.5361873701923077 0.6701553990384616 0.5594080817307693 0.6204273509615384 0.5731294134615385 0.4603651899038462 0.576295875 0.3616860913461538 0.5604635697115385 0.36013208894230775 0.5794623365384616 0.40286713221153847 0.5910726923076923 0.4588111875 0.5931836658653846 0.5217482524038461 0.5963501274038461
3 0.505431235576923 0.32192351923076923 0.4588111875 0.3989740673076923 0.36712509615384614 0.5509641875 0.3873271177884616 0.56363003125 0.4557031850961539 0.4570258485576923 0.5256332548076923 0.3293119278846154 0.505431235576923 0.32192351923076923
3 0.2039549326923077 0.5372428557692308 0.23037295913461536 0.4770801009615384 0.24668997596153847 0.4485819519230769 0.2801010096153846 0.42958318749999996 0.3111810408653846 0.40741796153846155 0.37644910576923074 0.38419725 0.4300621610576923 0.37258689423076924 0.45026418028846155 0.3483106923076923 0.4463791754807692 0.3261454663461538 0.39898212980769227 0.32297900721153844 0.3282750576923077 0.34514423317307696 0.2505749807692308 0.3820862764423077 0.1891919182692308 0.4528039014423077 0.16510489423076924 0.5372428557692308 0.1542268846153846 0.6037385360576922 0.11693084615384615 0.6776226201923077 0.12003885096153846 0.6934549254807691 0.14801087740384616 0.6945104134615385 0.17365190384615387 0.6417360649038462 0.1868609158653846 0.5805178221153846 0.2039549326923077 0.5372428557692308
3 0.10838383894230769 0.6164043774038461 0.1394638701923077 0.6385696033653846 0.144902875 0.6047940216346154 0.09595182692307692 0.5805178221153846 0.07963481009615385 0.5520196730769231 0.08041181009615385 0.5150776322115385 0.06098679086538462 0.4939678918269231 0.023690754807692307 0.47180266586538466 0.053216783653846154 0.5129666562499999 0.06875679807692307 0.5562416225961538 0.08041181009615385 0.58896171875 0.10838383894230769 0.6164043774038461
3 0.24435897355769232 0.41163991105769226 0.29253302163461536 0.43063867548076923 0.32516705528846157 0.4528039014423077 0.33759906730769235 0.46546974519230766 0.36557109615384614 0.5129666562499999 0.3849961153846154 0.5404093173076923 0.4160761466346154 0.5720739254807692 0.4603651899038462 0.5784068485576923 0.5023232331730769 0.6058495096153846 0.5124242427884615 0.5752403870192307 0.42695415625 0.53829834375 0.3912121225961539 0.5055782475961539 0.36090909134615384 0.454914875 0.31817404807692307 0.4126953966346154 0.270777 0.39686309375 0.21716394711538461 0.3757533533653846 0.10682983653846154 0.3947521201923077 0.11382284374999999 0.42641672836538463 0.2024009326923077 0.3979185793269231 0.21483294471153844 0.3958076057692308 0.24435897355769232 0.41163991105769226
3 0.7470784759615385 0.4950233798076923 0.8263325552884615 0.42852770192307693 0.8333255625 0.4105844230769231 0.8208935504807692 0.39686309375 0.6973504278846154 0.4981898389423077 0.5155322451923077 0.5076892235576923 0.5225252524038462 0.5340763966346154 0.6724864014423078 0.5351318822115385 0.7105594399038462 0.5224660408653846 0.7470784759615385 0.4950233798076923
3 0.347700076923077 0.22270774519230768 0.3523620817307692 0.24276199759615386 0.6266433557692307 0.14460171153846152 0.6243123557692307 0.13088038221153847 0.347700076923077 0.22270774519230768
3 0.3539160841346154 0.24276199759615386 0.3554700865384615 0.26281625 0.538065266826923 0.20159800721153848 0.5372882668269231 0.1815437548076923 0.3539160841346154 0.24276199759615386
3 0.8442035745192308 0.4063624759615384 0.8620745913461539 0.5003008149038461 0.8745066057692308 0.5287989615384615 0.8908236201923077 0.5541306490384615 0.9079176370192308 0.6544019086538462 0.9288966586538462 0.8549444278846153 0.9514296826923078 0.8433340721153846 0.9389976682692308 0.7990036201923078 0.9273426586538461 0.6776226201923077 0.9110256418269231 0.5921281778846154 0.8916006225961539 0.519299579326923 0.879168608173077 0.5034672740384616 0.86440559375 0.41163991105769226 0.8566355865384616 0.35253263942307694 0.8589665889423077 0.2944808581730769 0.8543045841346154 0.25964978846153847 0.8278865576923077 0.22165225961538462 0.8255555552884615 0.24170651201923077 0.8457575745192307 0.2712601466346154 0.8473115769230769 0.33458936298076924 0.8442035745192308 0.4063624759615384
3 0.9156876442307692 0.17204437259615385 0.9669696971153846 0.15410109375 0.9992307692307693 0.14315569471153847 0.9972727259615385 0.11399259134615385 0.9125796418269231 0.13615781490384615 0.8123465432692308 0.16782242548076923 0.7183294495192307 0.14882365865384617 0.7105594399038462 0.18048826923076922 0.8022455312500001 0.19632057211538462 0.8620745913461539 0.18471021634615384 0.9156876442307692 0.17204437259615385
3 0.8535275841346154 0.11715905048076923 0.86362859375 0.07177311298076923 0.8387645673076923 0.08338346875 0.8022455312500001 0.15726755528846154 0.8317715625000001 0.16148950480769228 0.8535275841346154 0.11715905048076923
3 0.9102486394230769 0.06544019230769231 0.8884926177884616 0.06755116586538462 0.8527505841346154 0.14671268509615384 0.879168608173077 0.15093463221153847 0.9110256418269231 0.07282860096153845 0.9102486394230769 0.06544019230769231
3 0.9242346538461538 0.040108504807692305 0.9172416466346154 0.06755116586538462 0.9992307692307693 0.11285266346153847 0.9992307692307693 0.07419017788461538 0.9242346538461538 0.040108504807692305
3 0.15655788701923076 0.16993339903846155 0.2039549326923077 0.1688779110576923 0.2870940168269231 0.1688779110576923 0.33682206730769226 0.1530456081730769 0.40597513701923077 0.14882365865384617 0.48989122115384615 0.1372133028846154 0.5769153076923077 0.10765966826923078 0.6041103341346153 0.08232798317307692 0.6250893557692307 0.049607887019230766 0.6359673653846154 0.0021109735576923076 0.6188733485576924 0.0031664615384615386 0.6010023317307692 0.06227373076923077 0.5621522932692308 0.08971639182692306 0.36090909134615384 0.1372133028846154 0.32205905288461534 0.14249073798076922 0.28165501201923077 0.14460171153846152 0.25290598317307694 0.15093463221153847 0.18763791826923076 0.1519901201923077 0.1627738942307692 0.15410109375 0.13091686057692306 0.16360047836538463 0.10294483413461539 0.16571145192307693 0.06953379807692307 0.1773218076923077 0.07730380769230769 0.19843154567307691 0.09750582692307692 0.17837729567307692 0.13091686057692306 0.17943278125 0.15655788701923076 0.16993339903846155
3 0.18297591346153846 0.4390825697115384 0.17753690865384616 0.4570258485576923 0.1985159278846154 0.45174841346153843 0.20939393990384614 0.40530698798076925 0.22182595192307691 0.33881131009615384 0.2342579639423077 0.29342537259615387 0.24125097115384617 0.26809368509615383 0.2855400144230769 0.21848579807692306 0.33759906730769235 0.15937852884615383 0.32205905288461534 0.14671268509615384 0.2614529903846154 0.21004190384615384 0.2288189591346154 0.26176076442307694 0.19696192788461536 0.34725520673076926 0.18297591346153846 0.4390825697115384
3 0.5396192692307692 0.8053365432692308 0.6235353533653847 0.7631170649038462 0.6981274278846155 0.7325079423076922 0.7672804975961539 0.7103427163461539 0.7719425024038462 0.6712896995192307 0.7626184927884616 0.6776226201923077 0.6794794086538462 0.711398204326923 0.5846853149038462 0.7557286562500001 0.5100932403846155 0.7905597259615385 0.46191919230769235 0.827501766826923 0.46580419711538457 0.8507224807692307 0.4922222211538462 0.8380566370192307 0.5396192692307692 0.8053365432692308
3 0.7843745144230769 0.6248482740384615 0.8566355865384616 0.6037385360576922 0.8760606057692308 0.5857952572115385 0.8737296033653846 0.5646855168269231 0.7882595192307692 0.58896171875 0.6833644134615385 0.6522909350961539 0.6678243966346155 0.7071762548076923 0.7012354326923076 0.6786781081730768 0.7843745144230769 0.6248482740384615
3 0.941328670673077 0.5784068485576923 0.9459906754807693 0.6111269447115385 0.9483216778846154 0.6755116466346155 0.9389976682692308 0.7409518389423078 0.9522066826923077 0.7314524567307692 0.9661926971153847 0.691343951923077 0.9677466971153846 0.6301257091346154 0.9514296826923078 0.5826287956730769 0.9009246298076923 0.48763497115384613 0.8853846153846153 0.42325026682692307 0.8550815865384614 0.33881131009615384 0.8620745913461539 0.42958318749999996 0.8846076153846153 0.4728581538461538 0.9032556322115385 0.5298544471153847 0.941328670673077 0.5784068485576923
3 0.7082284375000001 0.37364237980769227 0.6631623942307693 0.41797283173076927 0.6072183365384615 0.4443600048076923 0.5302952596153846 0.44963743990384614 0.5334032620192308 0.46758071874999996 0.599448329326923 0.454914875 0.6538383846153846 0.4485819519230769 0.6763714062499999 0.42641672836538463 0.7167754471153847 0.3947521201923077 0.755625485576923 0.3440887451923077 0.7952525264423076 0.31875705769230767 0.8224475528846154 0.3155905985576923 0.8278865576923077 0.29659183173076925 0.8139005432692308 0.29659183173076925 0.7602874903846154 0.31875705769230767 0.7082284375000001 0.37364237980769227
3 0.5699223004807693 0.29659183173076925 0.5652602956730769 0.3282564399038461 0.5396192692307692 0.3820862764423077 0.5240792548076922 0.42536124038461537 0.5139782427884616 0.4791910745192308 0.5124242427884615 0.5235215264423076 0.5256332548076923 0.5678519783653846 0.5442812740384615 0.6037385360576922 0.5528282836538462 0.6079604831730769 0.5590442884615384 0.5974056129807692 0.5326262620192308 0.5509641875 0.5264102572115384 0.5003008149038461 0.5287412596153847 0.4665252307692308 0.538065266826923 0.4063624759615384 0.5621522932692308 0.37469786778846154 0.5823543124999999 0.3060912163461538 0.5862393173076923 0.2564833269230769 0.5637062932692307 0.20898641586538463 0.5442812740384615 0.1815437548076923 0.5341802644230769 0.17204437259615385 0.5442812740384615 0.2026534951923077 0.5629292932692308 0.2332626153846154 0.5683682980769231 0.25964978846153847 0.5699223004807693 0.29659183173076925
3 0.29564102644230766 0.43169416105769226 0.2070629375 0.4886904567307692 0.2202719495192308 0.5182440913461538 0.27543900480769234 0.4781355889423077 0.3166200480769231 0.4443600048076923 0.29564102644230766 0.43169416105769226
3 0.22415695432692306 0.2607052764423077 0.2653379951923077 0.2005425192307692 0.31351204326923077 0.16360047836538463 0.12625485576923076 0.18471021634615384 0.07652680528846154 0.18893216346153846 0.07497280528846154 0.17098888701923076 0.21327894230769232 0.15093463221153847 0.32672105769230775 0.13299135576923077 0.394320125 0.11821453846153845 0.48367521394230767 0.1066041826923077 0.5613752908653846 0.0939383389423077 0.6010023317307692 0.07071762499999999 0.61498834375 0.008443896634615384 0.21871794951923076 0.004221947115384615 0.013589742788461538 0.0010554879807692307 0.011258740384615384 0.28075952884615385 0.12081585096153846 0.26809368509615383 0.22415695432692306 0.2607052764423077
3 0.06642579567307692 0.5520196730769231 0.053993783653846154 0.5140221442307692 0.03223776201923077 0.4950233798076923 0.019805749999999997 0.4844685096153846 0.029129759615384613 0.46335876923076924 0.04855477884615385 0.48552399759615383 0.08818181730769231 0.5224660408653846 0.12392385336538461 0.4802465625 0.13790986778846154 0.42219477884615386 0.12003885096153846 0.42430575240384616 0.09672882692307692 0.38841919711538464 0.19463092548076924 0.37047592067307694 0.20473193509615387 0.2902589110576923 0.008150737980769231 0.3039802403846154 0.007373737980769231 0.6375141177884616 0.07341880288461539 0.5604635697115385 0.06642579567307692 0.5520196730769231