3 0 0.39273356490384614 0.009679877403846154 0.39876782932692306 0.040929877403846154 0.38505359134615386 0.0714176826923077 0.36817452884615387 0.1316310985576923 0.3565701754807692 0.19032012259615383 0.35129546875 0.20785061057692306 0.35235040865384615 0.22385670673076924 0.36922947115384613 0.23376524278846153 0.3903282980769231 0.2558689014423077 0.4747236057692307 0.2825457307692308 0.5559540889423077 0.29702743990384617 0.6572284591346154 0.31227134134615386 0.7268545865384616 0.3214176826923077 0.7585028269230769 0.334375 0.8112498942307693 0.33666158653846157 0.8249641322115384 0.34657012259615383 0.7859313028846154 0.3427591466346154 0.7511182379807693 0.30922256009615384 0.689931639423077 0.3084603653846154 0.6540636346153845 0.30617378125 0.621360451923077 0.28788109855769234 0.5327453798076923 0.2612042692307692 0.4388555985576923 0.23910061057692306 0.35973499999999997 0.20327743990384617 0.3375812307692308 0.1697408533653846 0.3301966418269231 0.08589938942307693 0.3470757019230769 0.03940548798076923 0.36078993990384617 0.008917682692307692 0.37766900240384615 0 0.37975778605769234 0 0.39273356490384614
3 0.11791158653846154 0.26795510096153846 0.115625 0.30804287259615387 0.11486280528846154 0.34285593750000004 0.1316310985576923 0.3660646466346154 0.14992378125 0.3934931225961539 0.16745426923076925 0.4462401899038462 0.17355182932692306 0.4905477259615385 0.15754573076923076 0.5338003221153846 0.13772865865384615 0.5791627980769231 0.11028963461538462 0.60870115625 0.09275914663461539 0.6414043389423078 0.10495426923076923 0.6741075192307692 0.12477134134615384 0.6276901009615384 0.15221036538461538 0.5612287956730769 0.18117378125 0.5190311418269231 0.18346036538461538 0.4610093677884616 0.16440548798076923 0.40193265144230766 0.1316310985576923 0.3407460552884615 0.12400914663461539 0.32703181730769226 0.1339176826923077 0.2130981514423077 0.10495426923076923 0.15824120192307692 0.09961890144230769 0.1740653221153846 0.11181402403846154 0.18883450000000002 0.12248475721153847 0.21626297596153846 0.11791158653846154 0.26795510096153846
3 0.1209603653846154 0.5633386778846154 0.14916158653846154 0.5612287956730769 0.18422256009615384 0.5612287956730769 0.20556402403846155 0.54012996875 0.21699695192307691 0.5285256153846154 0.21623475721153845 0.5137564350961539 0.20785061057692306 0.5169212596153846 0.19565548798076923 0.5327453798076923 0.17507621874999998 0.5411849110576923 0.14763719471153847 0.5496244423076923 0.11486280528846154 0.5432947932692308 0.08513719471153847 0.5411849110576923 0.056173781250000006 0.535910204326923 0.043978658653846155 0.5591189134615384 0.03711890144230769 0.578107858173077 0.03864329326923077 0.5886572716346155 0.047789634615384616 0.5707232692307692 0.06150914663461538 0.5612287956730769 0.07522865865384615 0.5527892644230769 0.1209603653846154 0.5633386778846154
3 0.11181402403846154 0.11604354807692308 0.15221036538461538 0.2616254543269231 0.17583841346153847 0.34602076201923077 0.1697408533653846 0.4072073581730769 0.15907012259615383 0.46206430769230766 0.1308689014423077 0.5032070216346154 0.10876524278846154 0.535910204326923 0.09352134134615384 0.5633386778846154 0.08513719471153847 0.6044813918269231 0.08285061057692308 0.6266351586538461 0.09352134134615384 0.629799983173077 0.09275914663461539 0.5970968004807692 0.11791158653846154 0.5422398509615385 0.14001524278846153 0.5042619639423077 0.16364329326923077 0.4789433701923077 0.17660061057692306 0.4599544254807692 0.18269817067307692 0.40509747596153844 0.18346036538461538 0.36922947115384613 0.17736280528846154 0.31964722836538456 0.16059451201923075 0.2521309807692308 0.1415396346153846 0.1740653221153846 0.1209603653846154 0.1012743701923077 0.12477134134615384 0.0843953076923077 0.1369664639423077 0.06646130528846153 0.15983231730769232 0.041142713942307695 0.1621189014423077 0.032703182692307695 0.12477134134615384 0.06435142307692308 0.11257621875 0.08756013221153847 0.11181402403846154 0.11604354807692308
3 0.40068597596153843 0.4525698365384615 0.41364329326923077 0.46944889903846154 0.42050304807692307 0.4863279591346154 0.41669207211538467 0.5053169038461538 0.4121189014423077 0.5148113774038461 0.3762957307692308 0.5454046754807692 0.36028963461538466 0.5802177403846154 0.34047256009615384 0.600261625 0.3351371947115384 0.6108110384615385 0.34047256009615384 0.6160857451923077 0.3557164639423077 0.5992066850961538 0.3808689014423077 0.5675584447115385 0.42050304807692307 0.5295805552884615 0.43117378125 0.48843784375 0.4075457307692308 0.44835007211538463 0.36943597596153843 0.4314710096153846 0.32599085336538464 0.4525698365384615 0.32065548798076926 0.46628407451923076 0.34199695192307694 0.4536247788461539 0.37324695192307694 0.44729512980769226 0.40068597596153843 0.4525698365384615
3 0.3557164639423077 0.3671195889423077 0.39382621875 0.36184488221153843 0.44260670673076924 0.3396911129807692 0.48528963461538466 0.32386699278846154 0.5051067067307693 0.33125158173076924 0.5203506105769231 0.35129546875 0.5256859759615384 0.38399864903846154 0.5096798774038461 0.44729512980769226 0.4799542692307692 0.5179761995192307 0.44794207211538467 0.5865473870192308 0.4418445120192308 0.6245252764423077 0.44260670673076924 0.6941514038461538 0.459375 0.6814921081730769 0.45175304807692307 0.6361296322115385 0.45861280528846154 0.6013165673076923 0.4730945120192308 0.55700903125 0.4990091466346154 0.49898725721153847 0.5195884134615384 0.44835007211538463 0.5325457307692308 0.3934931225961539 0.5355945120192308 0.35340535096153847 0.51882621875 0.3185922860576923 0.4951981706730769 0.30804287259615387 0.44794207211538467 0.32070216826923076 0.3839176826923077 0.3439108798076923 0.3503810985576923 0.3481306442307692 0.34352134134615386 0.33441640624999996 0.34047256009615384 0.3048780480769231 0.33818597596153843 0.27744957451923075 0.32903963461538466 0.28272428125000004 0.3298018293269231 0.33125158173076924 0.3328506105769231 0.35235040865384615 0.3557164639423077 0.3671195889423077
3 0.5508384134615384 0.3449658197115385 0.584375 0.3059329903846154 0.6034298774038461 0.2879989879807692 0.6247713413461539 0.27428475 0.6506859759615384 0.2964385192307692 0.6590701225961539 0.32703181730769226 0.6621189014423077 0.37028441105769233 0.6613567067307693 0.4240864206730769 0.64382621875 0.5380200865384616 0.6179115865384616 0.6593383413461538 0.6049542692307692 0.741623764423077 0.5904725600961538 0.7922609495192308 0.5965701225961538 0.8492277836538461 0.6064786586538461 0.8734914350961538 0.6072408533653847 0.7785467139423077 0.6194359759615384 0.7247447043269231 0.6346798774038462 0.6308549254807693 0.6628810985576923 0.48421807692307695 0.6773628052884615 0.38083382451923076 0.6705030480769231 0.31331757932692306 0.6346798774038462 0.2584606298076923 0.5942835360576922 0.2763946322115384 0.5470274399038462 0.3228120528846154 0.5340701225961538 0.325976875 0.49291158653846157 0.2985484014423077 0.4692835360576923 0.28905392788461537 0.4647103653846154 0.29960334134615385 0.48757621875 0.31964722836538456 0.5333079278846153 0.3481306442307692 0.5508384134615384 0.3449658197115385
3 0.6087652427884616 0.4641741923076923 0.5980945120192308 0.4831631346153846 0.5721798774038461 0.5221959663461538 0.584375 0.5316904375 0.5935213413461539 0.509536670673077 0.6217225600961539 0.47261372115384614 0.6270579278846153 0.4399105408653846 0.6186737812499999 0.40615241826923076 0.6102896346153847 0.4082623004807692 0.6041920721153846 0.42514136298076927 0.6064786586538461 0.4420204230769231 0.5965701225961538 0.4420204230769231 0.5973323173076923 0.42092159615384617 0.6087652427884616 0.38716347355769226 0.623246951923077 0.36184488221153843 0.6522103653846153 0.32808675961538464 0.6506859759615384 0.3143725216346154 0.645350610576923 0.3059329903846154 0.6057164639423077 0.3639547644230769 0.584375 0.4188117139423077 0.5798018293269231 0.4356907764423077 0.6087652427884616 0.4641741923076923
3 0.8976371947115385 0.20993332692307692 0.8915396346153847 0.2552958052884616 0.8846798774038462 0.3048780480769231 0.8686737812499999 0.411427125 0.873246951923077 0.5137564350961539 0.8717225600961539 0.5960418605769231 0.8808689014423077 0.7226348221153847 0.8846798774038462 0.7827664783653846 0.8945884134615384 0.7785467139423077 0.8945884134615384 0.6920415216346154 0.8816310985576923 0.5369651442307692 0.8770579278846153 0.4462401899038462 0.8869664639423077 0.3301966418269231 0.9083079278846153 0.2299772139423077 0.9052591466346154 0.18144991105769231 0.895350610576923 0.137142375 0.9083079278846153 0.10760401682692308 0.9342225600961539 0.06435142307692308 0.926600610576923 0.05696683413461538 0.89382621875 0.1044391923076923 0.8839176826923077 0.13397755048076923 0.8976371947115385 0.20993332692307692
3 0.7825457307692307 0.2500210985576923 0.7848323173076923 0.26373533653846154 0.8061737812499999 0.2974934591346154 0.8115091466346154 0.32808675961538464 0.8153201225961539 0.411427125 0.8252286586538461 0.5665035024038462 0.8336128052884615 0.5591189134615384 0.8237042692307692 0.3934931225961539 0.8183689014423077 0.32070216826923076 0.8145579278846153 0.29327369471153847 0.7977896346153847 0.2616254543269231 0.8320884134615384 0.26795510096153846 0.8801067067307693 0.3048780480769231 0.8862042692307692 0.27111992548076924 0.8496189014423077 0.2584606298076923 0.8160823173076923 0.2521309807692308 0.7825457307692307 0.2500210985576923
3 0.7825457307692307 0.19727403124999998 0.7840701225961539 0.23525192067307693 0.8168445120192308 0.3291416995192308 0.8701981706730769 0.5074267860576923 0.8801067067307693 0.5042619639423077 0.8442835360576922 0.38083382451923076 0.8191310985576923 0.2974934591346154 0.8023628052884615 0.24791121634615385 0.7947408533653846 0.20782344471153846 0.8008384134615384 0.1687906153846154 0.8290396346153847 0.19516414903846155 0.8381859759615384 0.18144991105769231 0.8092225600961539 0.15824120192307692 0.7924542692307692 0.1571862596153846 0.7825457307692307 0.19727403124999998
3 0.8503810985576923 0.4072073581730769 0.9105945120192308 0.4240864206730769 0.9593750000000001 0.4346358341346154 0.9951981706730769 0.45573466105769234 0.9959603653846153 0.4399105408653846 0.95632621875 0.42092159615384617 0.9166920721153846 0.411427125 0.8793445120192308 0.4072073581730769 0.8275152427884614 0.3966579447115385 0.8145579278846153 0.38610853125 0.80007621875 0.35973499999999997 0.8145579278846153 0.3439108798076923 0.8084603653846153 0.325976875 0.7855945120192308 0.35235040865384615 0.7939786586538461 0.37239429567307697 0.8168445120192308 0.4040425360576923 0.8503810985576923 0.4072073581730769