3 0.18469841346153848 0.1658624326923077 0.1854920625 0.21665608413461537 0.19104762019230767 0.2611005288461538 0.19263492067307691 0.2737989423076923 0.24184126923076923 0.34152381009615385 0.30374603125 0.3817354495192308 0.30612698317307696 0.5171851850961539 0.32358730288461535 0.5267089951923076 0.32596825480769226 0.507661375 0.31882539663461534 0.41983068749999997 0.3148571418269231 0.36480423317307686 0.26247618990384614 0.33729100480769236 0.2553333341346154 0.32776719711538466 0.20057142788461538 0.26639153365384616 0.19819047596153846 0.23041269951923077 0.19580952403846152 0.1944338629807692 0.1886666658653846 0.15104761778846154 0.2505714278846154 0.1753862451923077 0.25374603125 0.16057142788461537 0.1696190480769231 0.1288253966346154 0.16723809615384616 0.14152381009615383 0.18469841346153848 0.1658624326923077
3 0.11009523798076923 0.40501587259615385 0.1585079375 0.41030687980769226 0.24184126923076923 0.46004232692307695 0.2553333341346154 0.5838518509615385 0.2593015865384615 0.6219470889423077 0.2704126971153846 0.6081904759615384 0.26803174519230766 0.5954920649038461 0.29342857211538464 0.5923174591346154 0.29342857211538464 0.572211639423077 0.26723809615384614 0.5711534375 0.26326984134615383 0.5425820096153846 0.27914285817307694 0.5510476177884616 0.28787301682692307 0.5298835961538462 0.26406349278846153 0.5288253966346154 0.2593015865384615 0.48332275 0.2664444447115385 0.46850793509615385 0.3021587307692308 0.48755555528846156 0.3053333341346154 0.46533333413461536 0.28073015865384615 0.45580952403846153 0.30374603125 0.44628571394230765 0.3029523798076923 0.4304126995192308 0.272 0.452634920673077 0.24898412740384618 0.4473439158653846 0.2458095240384615 0.37750264423076924 0.23073015865384613 0.37644444471153843 0.23469841346153847 0.43147089903846153 0.1878730168269231 0.4071322740384616 0.12279365144230768 0.3796190480769231 0.0894603173076923 0.3796190480769231 0.1045396826923077 0.3605714278846154 0.0854920625 0.3404656081730769 0.06565079326923076 0.38385185096153845 0.0854920625 0.40289947115384617 0.11009523798076923 0.40501587259615385
3 0.4180317451923077 0.6727407403846153 0.4227936514423077 0.6378201057692308 0.422 0.4060740745192308 0.4100952379807692 0.40924867788461533 0.40374603124999997 0.6378201057692308 0.39025396875 0.6420529110576924 0.35374603125 0.6452275144230769 0.35057142788461537 0.6335873004807693 0.35136507932692307 0.49602116346153846 0.3632698413461538 0.37644444471153843 0.3394603173076923 0.3711534375 0.3346984134615385 0.6611005288461538 0.3442222211538462 0.6685079350961539 0.4180317451923077 0.6727407403846153
3 0.5712063485576923 0.7023703701923077 0.5759682548076923 0.6864973557692308 0.4997777788461538 0.6949629615384616 0.4989841274038461 0.6357037043269231 0.5029523798076924 0.5838518509615385 0.5132698413461538 0.42617989423076924 0.49501587259615387 0.4155978846153846 0.4878730168269231 0.6769735456730769 0.4243809519230769 0.660042326923077 0.422 0.6822645504807692 0.48152381009615386 0.7013121682692307 0.5259682548076923 0.7118941802884616 0.5712063485576923 0.7023703701923077
3 0.4632698413461539 0.7933756610576924 0.50374603125 0.7584550264423077 0.5331111105769231 0.7351746033653845 0.54025396875 0.7129523822115384 0.5100952379807693 0.7436402115384616 0.4426349206730769 0.7849100528846154 0.3894603173076923 0.8155978846153846 0.32676190384615383 0.874857141826923 0.3323174591346154 0.9044867716346154 0.3585079375 0.8685079350961539 0.40136507932692306 0.8325291009615385 0.4632698413461539 0.7933756610576924
3 0.6045396826923077 0.5732698413461539 0.6188253966346154 0.5605714278846153 0.6140634927884615 0.5468148149038462 0.556126983173077 0.5626878317307692 0.5132698413461538 0.5669206346153847 0.4846984134615384 0.5446984134615385 0.4775555552884615 0.5616296298076923 0.4894603173076923 0.5849100528846154 0.5378730168269231 0.5859682524038461 0.6045396826923077 0.5732698413461539
3 0.5751746033653846 0.5785608461538462 0.5926349206730769 0.5161269831730769 0.6108888894230768 0.48755555528846156 0.6989841274038462 0.4695661370192308 0.7600952379807692 0.4441693125 0.79025396875 0.4166560841346154 0.7934285721153846 0.38279365144230765 0.7632698413461539 0.3161269831730769 0.7529523798076923 0.31506878365384616 0.7537460312500001 0.3288253966346154 0.769619048076923 0.3552804230769231 0.7862857139423076 0.40289947115384617 0.7640634927884615 0.4251216923076923 0.7212063485576923 0.43782010576923075 0.6585079375 0.4515767211538462 0.6132698413461538 0.4579259254807692 0.5767619038461539 0.5087195769230769 0.5593015865384615 0.5595132283653846 0.5585079375 0.6230052908653847 0.5688253966346154 0.6653333341346154 0.5783492067307692 0.685439153846154 0.6180317451923076 0.7193015865384615 0.6259682548076922 0.707661375 0.6267619038461538 0.7023703701923077 0.622 0.6928465625 0.5886666658653846 0.6737989423076923 0.5759682548076923 0.643111110576923 0.5751746033653846 0.5785608461538462
3 0.4243809519230769 0.18173544951923076 0.4632698413461539 0.1648042331730769 0.4966031754807692 0.1595132283653846 0.519619048076923 0.1648042331730769 0.572 0.1902010576923077 0.6100952379807693 0.21665608413461537 0.6275555552884615 0.24840211538461537 0.6354920624999999 0.2981375673076923 0.6291428581730769 0.37009523798076926 0.6259682548076922 0.41030687980769226 0.6227936514423077 0.4473439158653846 0.6180317451923076 0.5203597884615385 0.6108888894230768 0.5690370384615384 0.6156507932692308 0.5573968245192308 0.6362857139423077 0.4822645504807692 0.6386666658653847 0.41771428605769234 0.6426349206730768 0.3605714278846154 0.6458095240384616 0.26639153365384616 0.6386666658653847 0.23676190625 0.6053333341346154 0.19972486778846152 0.5497777788461539 0.15210581971153847 0.5299365072115385 0.14998941826923076 0.5021587307692308 0.1362328028846154 0.48152381009615386 0.14364021153846154 0.42834920673076926 0.15210581971153847 0.3973968245192308 0.1753862451923077 0.3839047620192308 0.19125925961538462 0.3704126971153846 0.25898412740384613 0.3910476201923077 0.25686772596153845 0.39501587259615384 0.20713227403846154 0.40374603124999997 0.1986666658653846 0.4243809519230769 0.18173544951923076
3 0.5989841274038462 0.6632169302884615 0.5894603173076923 0.707661375 0.59025396875 0.7341164038461538 0.5997777788461538 0.7425820096153846 0.6116825408653846 0.6801481490384614 0.6235873028846155 0.6505185192307692 0.6323174591346153 0.5468148149038462 0.6600952379807693 0.48332275 0.6346984134615384 0.4801481490384615 0.6132698413461538 0.5891428581730769 0.6093015865384616 0.62723809375 0.5989841274038462 0.6632169302884615
3 0.7481904759615384 0.5256507932692307 0.8132698413461538 0.49496296153846153 0.8466031754807692 0.4812063485576923 0.8997777788461538 0.47591534375 0.9505714278846155 0.46004232692307695 0.9973968245192307 0.43782010576923075 0.9934285721153846 0.43147089903846153 0.951365079326923 0.4431111105769231 0.8656507932692308 0.46215873076923075 0.8227936514423076 0.47485714182692307 0.7839047620192308 0.4822645504807692 0.7259682548076923 0.5235343918269231 0.6410476201923078 0.5616296298076923 0.6339047620192308 0.5700952379807692 0.633111110576923 0.5902010576923077 0.6608888894230769 0.5711534375 0.7085079375000001 0.5489312163461538 0.7481904759615384 0.5256507932692307
3 0.9283492067307691 0.4060740745192308 0.89025396875 0.4071322740384616 0.8696190480769231 0.4452275144230769 0.842634920673077 0.47908994711538466 0.8291428581730769 0.49496296153846153 0.8005714278846153 0.5023703701923077 0.7513650793269231 0.5203597884615385 0.7291428581730769 0.5214179903846154 0.6759682548076923 0.49919576682692307 0.6648571418269231 0.4896719567307692 0.6624761899038462 0.5087195769230769 0.6981904759615385 0.5224761899038461 0.7418412692307693 0.5372910048076923 0.7656507932692308 0.5372910048076923 0.7791428581730769 0.5182433870192308 0.8196190480769231 0.5097777764423077 0.8466031754807692 0.49178836057692304 0.8751746033653846 0.46004232692307695 0.8942222211538462 0.4208888894230769 0.95374603125 0.4145396826923077 0.9545396826923077 0.38702645432692306 0.9235873028846153 0.36586243269230767 0.8545396826923077 0.3256507932692308 0.8466031754807692 0.3394074086538461 0.8862857139423077 0.36903703846153846 0.9434285721153847 0.39655026442307695 0.9283492067307691 0.4060740745192308
3 0.6561269831730769 0.4346455024038462 0.679142858173077 0.40924867788461533 0.6823174591346154 0.39020105769230773 0.674380951923077 0.38067725 0.6466031754807692 0.3976084663461539 0.6458095240384616 0.34998941826923075 0.6450158725961538 0.39125925961538466 0.6410476201923078 0.4473439158653846 0.6696190480769231 0.4579259254807692 0.6561269831730769 0.4346455024038462