3 0.1567819326923077 0.6128440360576923 0.17160197596153845 0.6181471081730769 0.20194777644230769 0.6170864927884616 0.20900493990384617 0.5937529831730769 0.18783345192307693 0.6022378966346154 0.17230769230769233 0.60117728125 0.14690190625 0.5799650000000001 0.13702187740384614 0.5449647331730769 0.1349047283653846 0.5163281538461538 0.11867325240384616 0.49193403124999996 0.11020465865384615 0.47920666105769233 0.11867325240384616 0.5152675408653846 0.12925899759615384 0.5428435072115385 0.14125617548076924 0.5831468413461539 0.1567819326923077 0.6128440360576923
3 0.19136203125 0.5937529831730769 0.20829922355769231 0.5863286850961539 0.20900493990384617 0.5799650000000001 0.19418489663461538 0.5799650000000001 0.17089625961538463 0.5799650000000001 0.15607621875 0.5725406995192308 0.16807339423076922 0.5513284206730769 0.1581933653846154 0.5375404350961538 0.15325335336538462 0.5534496466346154 0.14901905528846154 0.5629951754807693 0.15254763701923077 0.5820862283653846 0.1673676778846154 0.5937529831730769 0.19136203125 0.5937529831730769
3 0.21112208894230772 0.6160258798076923 0.23441072596153845 0.6351169326923076 0.26052223076923076 0.6510261442307693 0.2831051514423077 0.6404200024038461 0.2922794639423077 0.5916317548076923 0.312745235576923 0.5863286850961539 0.3487367668269231 0.55875271875 0.3663796754807693 0.5820862283653846 0.3783768533653846 0.6817839519230768 0.4073112211538461 0.6934507067307693 0.42989414182692304 0.6595110576923078 0.41013408653846156 0.5979954399038461 0.42918842548076924 0.5672376298076923 0.4941143269230769 0.6181471081730769 0.502582920673077 0.6425412307692308 0.5117572331730769 0.6722384254807692 0.5216372620192308 0.6573898293269231 0.5364573028846154 0.6340563197115384 0.5576287932692308 0.6223895625 0.5258715600961539 0.5926923677884616 0.5406916033653846 0.5629951754807693 0.5117572331730769 0.5078432427884615 0.46094566105769236 0.46647929086538464 0.45035991586538465 0.4123879711538461 0.44400846875 0.39329691826923074 0.45671136298076925 0.3614784951923077 0.45247706490384615 0.3434480576923077 0.43977417067307695 0.36996340865384614 0.41860268269230766 0.4282971826923077 0.4425970360576923 0.4643580625 0.43201129086538465 0.4951158725961538 0.4115455192307692 0.5089038557692308 0.3910797451923077 0.5120856971153847 0.38896259615384615 0.4993583293269231 0.4016654903846154 0.48557034615384614 0.4143683846153846 0.4622368341346154 0.3946083269230769 0.4707217475961538 0.3910797451923077 0.4632974495192308 0.38543401442307695 0.46753990624999997 0.37908256730769235 0.48450973076923076 0.3564996466346154 0.5004189423076923 0.3564996466346154 0.42087288461538463 0.34450247115384613 0.41981227163461543 0.34167960576923073 0.4887521875 0.33391672596153843 0.4548125360576923 0.32544812980769233 0.456933764423077 0.3303881442307692 0.48344911778846156 0.32685956250000003 0.4940552572115384 0.30992237259615385 0.502540170673077 0.32262526442307693 0.4643580625 0.3198023990384616 0.4420851682692308 0.30709950721153845 0.47390359134615384 0.29792519471153844 0.4887521875 0.26334509615384616 0.3901150769230769 0.24993648557692308 0.3901150769230769 0.28098800240384614 0.4823885024038462 0.2640508125 0.4696611346153846 0.2534650673076923 0.47708543269230774 0.24781933653846153 0.5057220120192307 0.2428793221153846 0.5481465769230769 0.23723359134615382 0.5576921033653846 0.2139449543269231 0.5354192091346154 0.19489061298076923 0.5110250841346153 0.21606210336538462 0.5566314903846153 0.2287649951923077 0.5842074567307692 0.21112208894230772 0.6160258798076923
3 0.19277346634615386 0.8546640504807693 0.20618207451923076 0.7687543076923077 0.15748764903846152 0.7295115865384615 0.1581933653846154 0.6732990408653846 0.11443895432692308 0.6839051826923076 0.09891319711538461 0.7146629903846153 0.12431898317307694 0.8281486971153846 0.19277346634615386 0.8546640504807693
3 0.3663796754807693 0.812239485576923 0.28522230048076924 0.8557246658653846 0.27463655528846154 0.896028 0.3014537764423077 0.8981492283653847 0.3663796754807693 0.812239485576923
3 0.35791107932692307 0.9808771274038462 0.3723076923076923 0.9988439302884615 0.3967254759615385 0.997846954326923 0.4263655600961539 0.9617860745192307 0.4115455192307692 0.9405737908653846 0.3910797451923077 0.8928461586538461 0.40872265384615386 0.8016333461538461 0.3741425552884615 0.8472397524038461 0.3776711370192307 0.9002704567307693 0.38966831249999995 0.9554223894230769 0.35791107932692307 0.9808771274038462
3 0.6204375432692307 0.5948135961538461 0.6521947788461537 0.5810256129807693 0.6790119975961539 0.5619345600961538 0.6543119278846153 0.5545102620192307 0.610557516826923 0.57678315625 0.5936203245192307 0.5969348245192307 0.575271701923077 0.5704194735576923 0.5498659134615385 0.5142069254807692 0.5583345096153847 0.5682982451923076 0.5816231466346153 0.6032985096153847 0.6049117860576924 0.6075409663461538 0.6204375432692307 0.5948135961538461
3 0.647254764423077 0.6170864927884616 0.6740719831730769 0.6107228076923077 0.6888920264423077 0.5990560528846154 0.700183485576923 0.6075409663461538 0.7100635144230769 0.6404200024038461 0.6832462956730769 0.6372381610576923 0.6832462956730769 0.6510261442307693 0.7093577980769231 0.6499655288461538 0.7157092451923077 0.66799596875 0.7100635144230769 0.6563292139423077 0.7037120673076923 0.6955719375 0.6606633725961538 0.7284509735576923 0.6296118557692308 0.7655724663461538 0.6020889206730768 0.8111788725961537 0.5886803100961538 0.8101182596153845 0.5823288629807692 0.8504215937499999 0.5802117139423077 0.8779975600961538 0.5597459423076923 0.9384525649038462 0.5646859567307693 0.9607254591346154 0.5668031057692308 0.9798165144230769 0.573076923076923 0.9988439302884615 0.5773888509615385 0.9840589687500001 0.5759774158653846 0.9469374759615385 0.5936203245192307 0.9045129134615385 0.6084403677884616 0.9034523004807693 0.67830628125 0.9342101081730768 0.719237826923077 0.9193615096153847 0.7517007764423076 0.9331494927884615 0.7778122788461539 0.9904226538461539 0.7876923076923077 0.9988439302884615 0.7883980240384615 0.9628466875 0.745349329326923 0.909815983173077 0.7298235697115385 0.9002704567307693 0.7608750889423077 0.9076947548076923 0.7883980240384615 0.931028266826923 0.8067466466346154 0.9755740576923077 0.8011009182692308 0.9893620408653846 0.8194495408653846 0.9946651105769231 0.8138038100961539 0.9596648461538462 0.7756951298076923 0.8843612451923076 0.7255892740384616 0.8801187884615385 0.6726605504807692 0.8875430889423076 0.6394918846153845 0.8726944903846154 0.6543119278846153 0.8546640504807693 0.6768948485576923 0.8451185240384615 0.6747776995192307 0.8387548389423076 0.6550176442307692 0.8387548389423076 0.6253775576923076 0.8493609807692307 0.6133803798076923 0.8292093125 0.6493719134615384 0.7655724663461538 0.6888920264423077 0.7369358846153846 0.7206492596153846 0.7093599182692307 0.727706423076923 0.6499655288461538 0.7375864495192308 0.6043591225961539 0.723472125 0.5979954399038461 0.7178263942307692 0.6361775456730769 0.7079463653846154 0.590571141826923 0.6874805937499999 0.5672376298076923 0.6959491875 0.5322373653846154 0.673366266826923 0.5534496466346154 0.6825405793269231 0.5842074567307692 0.6416090336538461 0.6032985096153847 0.647254764423077 0.6170864927884616
3 0.7644036706730769 0.5598133317307693 0.7968666201923077 0.5576921033653846 0.8173323918269231 0.5460253485576924 0.8385038822115385 0.5322373653846154 0.8370924495192308 0.5142069254807692 0.8095695120192308 0.5078432427884615 0.8067466466346154 0.45163069471153844 0.8201552572115385 0.3996606033653846 0.8321524350961538 0.36253911057692306 0.8377981658653847 0.32117516105769234 0.8201552572115385 0.3434480576923077 0.8018066346153846 0.37632709375 0.7876923076923077 0.43784271153846155 0.7968666201923077 0.5195099975961539 0.7905151730769231 0.5163281538461538 0.7785179951923078 0.50996446875 0.7284121394230769 0.44844885096153847 0.7389978822115384 0.4760248173076923 0.7792237115384615 0.5301161370192308 0.7015949182692308 0.5269342956730769 0.6747776995192307 0.5396616634615385 0.6973606201923077 0.5629951754807693 0.7065349326923077 0.5470859639423077 0.7644036706730769 0.5598133317307693
3 0.9641213822115385 0.5269342956730769 0.985292872596154 0.5354192091346154 0.9867043052884615 0.5046613990384615 0.9316584326923076 0.48557034615384614 0.8272124206730769 0.4304184134615384 0.7834580096153847 0.41556981490384615 0.8152152427884616 0.46647929086538464 0.9048412139423078 0.4929946442307692 0.9641213822115385 0.5269342956730769
3 0.9013126322115385 0.5598133317307693 0.9584756538461539 0.5545102620192307 0.9902328870192308 0.5704194735576923 0.9937614687499999 0.6043591225961539 0.9521242067307691 0.6393593894230769 0.9697671129807692 0.6701171971153846 0.9992307692307693 0.6312138725961538 0.9992307692307693 0.5445086706730768 0.935187014423077 0.5226918389423078 0.871672548076923 0.5396616634615385 0.8385038822115385 0.5566314903846153 0.8448553293269231 0.5810256129807693 0.9013126322115385 0.5598133317307693
3 0.7326464350961538 0.6372381610576923 0.7270007043269231 0.713602375 0.6825405793269231 0.7486026394230769 0.6959491875 0.8154213293269231 0.7481721947115385 0.8546640504807693 0.8250952716346155 0.9108765985576923 0.8568525048076924 0.9066341418269231 0.8752011298076923 0.8387548389423076 0.8702611153846154 0.7910272043269231 0.8752011298076923 0.7539057115384615 0.8399153149038461 0.7475420264423077 0.8406210288461539 0.721026673076923 0.8787297115384616 0.7199660600961538 0.9422441778846153 0.7337540432692309 0.979647141826923 0.8292093125 0.988821454326923 0.9034523004807693 0.9965843341346154 0.8005727307692307 0.9605928004807692 0.7114811490384615 0.9253069879807693 0.6764808822115385 0.8991954831730768 0.6245107908653846 0.8695553990384616 0.5884499110576923 0.8314467187500001 0.5948135961538461 0.7905151730769231 0.5672376298076923 0.7481721947115385 0.5682982451923076 0.7326464350961538 0.6372381610576923
3 0.5421030336538462 0.9087553677884616 0.5188143966346154 0.8164819423076923 0.5089343677884616 0.8472397524038461 0.49693719230769234 0.8631489639423078 0.5188143966346154 0.9342101081730768 0.5421030336538462 0.9087553677884616
3 0.03822159375 0.9331494927884615 0.058687367788461536 0.9395131778846154 0.08127028846153846 0.9331494927884615 0.053747353365384616 0.909815983173077 0.04527875721153846 0.9034523004807693 0 0.9086705192307692 0.00011291346153846154 0.9607254591346154 0.012815807692307692 0.9405737908653846 0.03822159375 0.9331494927884615
3 0.9097812283653847 0.9586042331730769 0.9309527163461537 0.9607254591346154 0.9436556105769232 0.8790581754807693 0.9097812283653847 0.9586042331730769
3 0.9958786177884615 0.7432995697115385 0.9563585048076924 0.82602746875 0.962709951923077 0.8451185240384615 0.9992307692307693 0.7722543341346154 0.9958786177884615 0.7432995697115385
3 0 0.6578034687500001 0.07774170673076923 0.6467836874999999 0.06574453125 0.6223895625 0 0.6323699423076923 0 0.6578034687500001
3 0.46800282211538463 0.6457230745192307 0.44471418509615385 0.66799596875 0.4574170793269231 0.6817839519230768 0.47435426923076923 0.6711778125 0.46800282211538463 0.6457230745192307
3 0.17583627403846155 0.660571670673077 0.14901905528846154 0.6160258798076923 0.1349047283653846 0.6223895625 0.16101623076923077 0.6807233389423076 0.17583627403846155 0.660571670673077
3 0.22594213221153847 0.7072386923076923 0.22805927884615385 0.6234501778846154 0.21182780528846154 0.660571670673077 0.20900493990384617 0.7157236033653847 0.21817925240384614 0.7157236033653847 0.22594213221153847 0.7072386923076923