3 0.16686416346153846 0.40982740865384615 0.0037451538461538464 0.18695734855769233 0 0.21611001923076925 0.13979957451923078 0.4235587379807692 0.16393826442307693 0.42461499519230766 0.16686416346153846 0.40982740865384615
3 0.09371662500000001 0.4161649447115385 0.09371662500000001 0.3982085889423077 0.0015507283653846153 0.23554513461538462 0 0.2809430264423077 0.07469826682692307 0.43200878846153845 0.08640187259615385 0.43095253125 0.09371662500000001 0.4161649447115385
3 0.1427254783653846 0.4890466225961539 0.1515031826923077 0.4721465240384616 0.057142858173076926 0.32321439903846155 0.06226318509615385 0.3453957788461538 0.12882744471153845 0.45419016826923075 0.12882744471153845 0.4753152932692308 0.1427254783653846 0.4890466225961539
3 0.12663301923076922 0.4742590360576923 0.12297564182692308 0.4436276081730769 0.09810547836538461 0.4056023822115385 0.08932777403846154 0.4404588365384615 0.10615170673076922 0.4816528293269231 0.12151269230769232 0.4858778557692308 0.12663301923076922 0.4742590360576923
3 0.15881793509615386 0.4795403173076923 0.15881793509615386 0.49115913461538463 0.16905859134615384 0.49115913461538463 0.18222514903846154 0.48059657451923077 0.1741789182692308 0.460527704326923 0.13760514903846152 0.4161649447115385 0.005208105769230769 0.2239263173076923 0.0022822019230769233 0.23871390144230767 0.0629946610576923 0.33483321875 0.12004974038461538 0.41510868990384614 0.15881793509615386 0.4795403173076923
3 0.07030941346153846 0.4383463269230769 0.07030941346153846 0.4161649447115385 0.0008192524038461538 0.29047045673076927 0.0030136778846153846 0.3549020841346154 0.04836515144230769 0.44679637499999997 0.06226318509615385 0.4478526298076923 0.07030941346153846 0.4383463269230769
3 0.049096627403846155 0.4837653413461539 0.057142858173076926 0.46475273076923074 0.04982810336538462 0.4457401177884615 0.0015507283653846153 0.35912711057692304 0.0015507283653846153 0.39926484375000004 0.03227269471153846 0.4721465240384616 0.039587447115384616 0.48482159855769236 0.049096627403846155 0.4837653413461539
3 0.013985810096153847 0.4763715480769231 0.020569088942307693 0.4658089855769231 0.013985810096153847 0.4457401177884615 0.0030136778846153846 0.40454612500000003 0.0015507283653846153 0.45630268269230767 0 0.46758349759615386 0.005939579326923077 0.4837653413461539 0.013985810096153847 0.4763715480769231
3 0.05055957932692308 0.5481969711538461 0.057142858173076926 0.5312968725961539 0.04543925 0.5048904663461539 0.039587447115384616 0.4964404158653846 0.030078266826923074 0.5017216971153846 0.028615317307692307 0.5323531274038461 0.03373564423076923 0.5503094831730769 0.05055957932692308 0.5481969711538461
3 0 0.6679764254807693 0.017643187499999997 0.6485413100961538 0.04470777644230769 0.6485413100961538 0.06665203605769231 0.6559351033653846 0.09737400240384615 0.6358662355769231 0.1149294110576923 0.5915034759615385 0.1354107235576923 0.56932209375 0.1441884278846154 0.5334093822115384 0.1624753125 0.4996091850961539 0.14857728125 0.48482159855769236 0.11566088942307692 0.48799036778846155 0.09956843028846155 0.4742590360576923 0.08859630048076922 0.44468386298076923 0.06811498798076923 0.43412130048076925 0.057142858173076926 0.45735893749999995 0.05421695432692308 0.4732027788461538 0.04836515144230769 0.4858778557692308 0.04836515144230769 0.502777951923077 0.05787433173076923 0.5439719447115384 0.037393021634615387 0.5492532259615385 0.024957939903846153 0.5207343076923077 0.01983761298076923 0.5080592355769231 0.0008192524038461538 0.5154530264423077 0.0015507283653846153 0.5957285 0 0.6502946947115384 0 0.6679764254807693
3 0.03885597355769231 0.5091154903846153 0.03812449759615384 0.48799036778846155 0.027152365384615386 0.4753152932692308 0.005939579326923077 0.4816528293269231 0.00008777644230769231 0.502777951923077 0.020569088942307693 0.5143967716346154 0.03885597355769231 0.5091154903846153
3 0.03227269471153846 0.7869108725961538 0.022763514423076923 0.7267042692307691 0.013985810096153847 0.7024103774038462 0.0037451538461538464 0.7509981634615385 0.00008777644230769231 0.821767326923077 0.017643187499999997 0.8154297908653846 0.03227269471153846 0.7869108725961538
3 0.186614 0.4858778557692308 0.14199400240384616 0.5608720456730769 0.07323531490384615 0.6664976658653846 0.030078266826923074 0.7066354014423077 0.05787433173076923 0.8027547163461539 0.07469826682692307 0.8925364927884616 0.10688318269230769 0.9432367908653846 0.15004023076923076 0.9062678245192307 0.18734547596153844 0.9252804350961538 0.22245629326923078 0.9928808341346154 0.45506546634615386 0.997105858173077 0.9985516778846153 0.48482159855769236 0.9970887283653845 0.32849568028846154 0.9627093846153846 0.2968079951923077 0.9568575817307692 0.30631429807692306 0.9312559423076923 0.2830766634615384 0.9166264350961538 0.30208927403846153 0.9129690576923076 0.3147643485576923 0.88590446875 0.30103301682692307 0.8551825024038462 0.29892050721153846 0.8383585697115384 0.3105393245192308 0.8244605384615386 0.31159558173076923 0.8193402091346154 0.3200456298076923 0.8690805360576923 0.36123962259615383 0.7352205408653846 0.2957517355769231 0.6942579182692307 0.26406405048076925 0.6920634927884616 0.2408264134615385 0.7432667692307693 0.22075754567307693 0.7666739807692308 0.2408264134615385 0.7798405384615384 0.27251410096153844 0.8098310288461538 0.28413291826923076 0.8215346346153846 0.26195153846153846 0.839090045673077 0.2492764639423077 0.8215346346153846 0.23554513461538462 0.8559139783653846 0.16055094230769232 0.8515251274038461 0.14576335576923077 0.8112939807692308 0.21970129086538462 0.8039792259615385 0.17322601682692307 0.8076366033653847 0.1594946875 0.7988588990384616 0.16055094230769232 0.7695998822115384 0.07288167788461539 0.7586277524038461 0.07816295913461538 0.7666739807692308 0.11724443749999999 0.7571648004807692 0.11935695192307692 0.7615536538461539 0.15104463701923077 0.7030356225961539 0.11935695192307692 0.7154707043269231 0.1003443389423077 0.7110818509615384 0.08555675240384615 0.6993782451923077 0.09506306009615385 0.691332016826923 0.10140059615384615 0.6869431634615384 0.09400680048076923 0.6767025096153846 0.1077381346153846 0.6671933293269231 0.09611931490384616 0.6642674278846153 0.11407567067307692 0.6620730024038461 0.12041320913461538 0.6503693942307692 0.11724443749999999 0.6496379206730769 0.11196315625 0.6415916899038462 0.11090690144230769 0.6767025096153846 0.08027547115384616 0.6642674278846153 0.0707691658653846 0.6540267716346153 0.07816295913461538 0.6474434927884616 0.06971290865384615 0.6386657884615385 0.08978177884615385 0.6335454615384616 0.07816295913461538 0.62403628125 0.07921921634615384 0.6306195600961538 0.09506306009615385 0.6225733317307692 0.09083803365384614 0.6020920192307693 0.09506306009615385 0.5801477572115384 0.024293891826923077 0.5728330048076923 0.024293891826923077 0.5786848076923077 0.04013773557692308 0.5786848076923077 0.0538690673076923 0.57575890625 0.1320320264423077 0.5699071009615385 0.1320320264423077 0.5362592355769231 0.11196315625 0.5128520240384615 0.09823182692307693 0.49017628605769226 0.0707691658653846 0.5099261201923077 0.0021125120192307693 0.5011484158653846 0.0021125120192307693 0.45652841826923074 0.13731330528846153 0.44628776201923076 0.13308828125 0.45433399278846154 0.11618818269230768 0.44409333653846156 0.10879438942307693 0.433121204326923 0.1320320264423077 0.3855753052884615 0.1077381346153846 0.38264940384615387 0.13520079326923076 0.41044546875 0.15843843028846155 0.4338526802884616 0.22287006009615384 0.4528710408653846 0.2313201081730769 0.46969497355769235 0.25667025721153847 0.45140808894230766 0.2513889759615385 0.4418989110576923 0.2313201081730769 0.43458415625 0.23237636538461537 0.4397044831730769 0.25455774519230767 0.43604710817307696 0.27462661298076924 0.4133713701923077 0.27462661298076924 0.3972789110576923 0.2799078942307692 0.37679760096153847 0.28624543269230773 0.38191792788461537 0.2651203076923077 0.37899202644230773 0.2429389278846154 0.37167727403846157 0.24505143990384617 0.36216809134615385 0.27251410096153844 0.35631629086538463 0.2851891754807692 0.3270572740384615 0.28413291826923076 0.3124277668269231 0.2809641514423077 0.31462219230769234 0.2630077956730769 0.30950186538461544 0.2492764639423077 0.30072416105769234 0.2482202091346154 0.27804842307692307 0.23343262019230768 0.2597615384615385 0.22815133894230769 0.23050252403846153 0.2598390264423077 0.20051203365384615 0.27779538221153843 0.16759564182692308 0.29047045673076927 0.11419793749999999 0.30314553125 0.10029990384615385 0.30631429807692306 0.1697900673076923 0.4161649447115385 0.1515031826923077 0.4288400192307692 0.186614 0.4858778557692308
3 0.09371662500000001 0.9960496009615384 0.12004974038461538 0.9928808341346154 0.10834613461538461 0.981262016826923 0.09079072596153846 0.9400680240384616 0.05494843028846154 0.8640175745192308 0.024957939903846153 0.8619050625 0.0037451538461538464 0.8608488076923078 0.0030136778846153846 0.88831146875 0.021300562500000002 0.8798614182692308 0.046170725961538456 0.8872552115384615 0.0688464639423077 0.9221116682692307 0.09371662500000001 0.9960496009615384