3 0.03666197115384615 0.5585235552884615 0.02891549278846154 0.5722490865384615 0.022577463942307693 0.5585235552884615 0.016943661057692308 0.5152353413461539 0.010605634615384616 0.5511328846153846 0.014830985576923077 0.5901978581730769 0.0035633798076923078 0.5754165168269231 0.000042254807692307695 0.5775281370192308 0 0.5787106442307692 0.0021549302884615383 0.728508985576923 0.01764788701923077 0.6989463004807692 0.02961971875 0.6577697067307693 0.05004225480769231 0.6598813269230769 0.02961971875 0.6926114399038461 0.06271831009615385 0.7021137307692308 0.08525352163461539 0.7242857451923077 0.14933802884615385 0.7211183124999999 0.19722535096153845 0.7306206057692308 0.21764788701923077 0.7179508822115385 0.19370422596153844 0.7158392644230769 0.22328168990384614 0.6841649591346154 0.2958169014423077 0.6809975288461538 0.3007464783653846 0.6556580865384615 0.22539436538461538 0.6788859086538461 0.22116901442307693 0.6619929471153847 0.2275070408653846 0.638765125 0.23173239423076925 0.6049792019230769 0.21271831009615386 0.5933652884615385 0.21835211298076923 0.5785839471153846 0.20145070432692308 0.5975885288461538 0.19229577403846154 0.5901978581730769 0.1986338028846154 0.5754165168269231 0.18243662019230772 0.5722490865384615 0.15708450721153847 0.5743607067307692 0.13736619711538461 0.5880862379807692 0.12328168990384616 0.5775281370192308 0.10638028125 0.555356125 0.1091971826923077 0.5923094807692307 0.09933802884615385 0.5722490865384615 0.0901830985576923 0.5606351754807692 0.11694366105769231 0.5352957331730769 0.1458169014423077 0.5046772379807692 0.14018309855769231 0.49728656730769233 0.10145070432692307 0.5279050625 0.08314084615384616 0.5490212644230769 0.05708450721153846 0.534239923076923 0.055676055288461535 0.5141795288461538 0.06483098557692307 0.5236818221153846 0.05708450721153846 0.49728656730769233 0.03947887259615384 0.4751145552884615 0.05285915384615385 0.5120679110576923 0.055676055288461535 0.5310724927884615 0.030323944711538462 0.5310724927884615 0.03666197115384615 0.5585235552884615
3 0.0028591538461538463 0.7253415552884616 0.012014084134615384 0.7179508822115385 0.0662394375 0.7327322259615384 0.07821126682692309 0.7158392644230769 0.054267605769230766 0.7063369735576923 0.026098591346153846 0.6968346802884615 0.009901408653846153 0.6978904927884616 0 0.7166416802884614 0.0028591538461538463 0.7253415552884616
3 0.07116901442307692 0.9481174903846153 0.07398591586538462 0.978735983173077 0.08947887259615385 0.9681778822115384 0.0859577451923077 0.9491733004807692 0.1162394375 0.9491733004807692 0.1324366201923077 0.9343919591346155 0.08454929567307692 0.9407268197115385 0.08454929567307692 0.9312245288461539 0.11905633894230769 0.9206664278846154 0.13173239423076924 0.9206664278846154 0.13525352163461538 0.9185548076923078 0.14652112740384615 0.9069408942307693 0.14933802884615385 0.8974386033653846 0.1359577451923077 0.90271765625 0.12821126682692308 0.8932153653846153 0.12257746394230769 0.8932153653846153 0.12398591586538463 0.90271765625 0.07821126682692309 0.9185548076923078 0.07398591586538462 0.8974386033653846 0.0662394375 0.9069408942307693 0.0697605625 0.9227780480769231 0.004267605769230769 0.9058850865384614 0.00638028125 0.9819034134615384 0.02046478846153846 0.9966847548076923 0.014830985576923077 0.9449500600961538 0.07116901442307692 0.9481174903846153
3 0.14933802884615385 0.8689317307692307 0.15497183173076923 0.8953269855769231 0.16271831009615384 0.8879363125 0.15778873317307693 0.8583736298076924 0.14933802884615385 0.8689317307692307
3 0.2901830985576923 0.8794898317307692 0.3239859158653846 0.8752665913461539 0.33102816826923076 0.9343919591346155 0.34370422596153843 0.9375593894230769 0.33666197115384616 0.8668201105769231 0.4225774639423077 0.8816014519230768 0.4176478870192308 0.8668201105769231 0.33525352163461536 0.8594294399038461 0.3303239447115385 0.8425364783653847 0.3239859158653846 0.8478155288461539 0.3260985913461539 0.8594294399038461 0.27539436538461537 0.8668201105769231 0.2697605625 0.8309225673076923 0.2591971826923077 0.8214202764423076 0.2662394375 0.8720991610576923 0.25990140865384614 0.8794898317307692 0.22328168990384614 0.8995502259615384 0.22609859134615384 0.9153873774038461 0.2500422548076923 0.9006060336538462 0.2901830985576923 0.8794898317307692
3 0.38454929567307694 0.8203644663461538 0.37750704086538456 0.7717971995192308 0.3401830985576923 0.7749646298076923 0.34159154807692305 0.7876343533653846 0.3683521129807692 0.7855227307692307 0.37469014182692306 0.8140296033653847 0.38454929567307694 0.8203644663461538
3 0.3810281682692308 0.7601832884615385 0.3859577451923077 0.8129737956730769 0.3993380288461538 0.8161412259615385 0.39088732451923075 0.76335071875 0.3810281682692308 0.7601832884615385
3 0.39440845192307694 0.7591274783653846 0.41130985817307697 0.8393690480769231 0.41412676201923077 0.8657643004807691 0.4253943653846154 0.8615410600961538 0.41060563461538463 0.7918575913461539 0.38877464903846154 0.7116160216346153 0.37046478846153846 0.6651603774038463 0.33384506971153843 0.5933652884615385 0.33384506971153843 0.6218721610576924 0.3634225360576923 0.673606858173077 0.37680281730769233 0.7116160216346153 0.39440845192307694 0.7591274783653846
3 0.4746901418269231 0.6683278076923076 0.49159154807692307 0.6641045673076923 0.49370422596153846 0.658825516826923 0.4535633798076923 0.6577697067307693 0.43666197115384614 0.6556580865384615 0.41835211298076924 0.6461557956730769 0.3915915480769231 0.6102582524038461 0.3901830985576923 0.6176489230769231 0.4148309855769231 0.6535464663461539 0.4486338028846154 0.6757184783653846 0.4746901418269231 0.6683278076923076
3 0.44018309855769233 0.638765125 0.4472253509615385 0.6546022764423077 0.46271831009615383 0.7158392644230769 0.46412676201923075 0.673606858173077 0.44792957692307694 0.6366535048076922 0.4465211274038462 0.6113140625 0.4514507043269231 0.602867579326923 0.4408873245192308 0.5817513774038462 0.43102816826923074 0.5711932764423077 0.42961971875 0.5521886947115384 0.4253943653846154 0.555356125 0.42821126682692306 0.5954769110576923 0.42609859134615385 0.6187047307692308 0.44018309855769233 0.638765125
3 0.47398591586538463 0.6313744543269231 0.48807042307692305 0.6049792019230769 0.49581690144230767 0.6134256826923077 0.5148309855769231 0.6345418846153846 0.5331408461538462 0.6334860745192308 0.5500422548076923 0.6292628341346155 0.5331408461538462 0.6123698701923077 0.521169014423077 0.6176489230769231 0.5077887331730769 0.6102582524038461 0.48947887259615386 0.5901978581730769 0.47398591586538463 0.603923389423077 0.4655352115384615 0.6250395913461539 0.46905633894230764 0.6546022764423077 0.47891549278846157 0.6630487572115384 0.4803239447115385 0.6514348461538462 0.47398591586538463 0.6313744543269231
3 0.5338450697115384 0.6926114399038461 0.5387746490384615 0.7010579230769232 0.5373661971153847 0.6862765793269231 0.534549295673077 0.6641045673076923 0.5401830985576923 0.6546022764423077 0.5556760552884615 0.6524906562499999 0.5669436610576923 0.6092024399038461 0.5599014086538461 0.6060350096153846 0.5500422548076923 0.6408767451923078 0.5338450697115384 0.6461557956730769 0.5282112668269231 0.6619929471153847 0.5338450697115384 0.6926114399038461
3 0.5260985913461538 0.7960808317307693 0.5577887331730769 0.8119179855769231 0.571169014423077 0.8393690480769231 0.5993380288461538 0.825643516826923 0.6099014086538461 0.8055831250000001 0.6359577451923077 0.8140296033653847 0.6493380288461539 0.8393690480769231 0.664830985576923 0.8362016177884615 0.6627183100961538 0.8013598822115384 0.6930000000000001 0.783411110576923 0.7000422548076923 0.8129737956730769 0.7183521129807692 0.7908017836538461 0.7387746490384616 0.7696855793269232 0.7324366201923076 0.7601832884615385 0.7077887331730769 0.7644065288461538 0.7120140841346154 0.7380112764423077 0.7366619711538461 0.7211183124999999 0.7070845072115385 0.7190066947115384 0.6937042259615385 0.7591274783653846 0.6542676057692307 0.76335071875 0.6676478870192307 0.7464577572115385 0.6415915480769231 0.7549042379807692 0.6303239447115385 0.7105602139423077 0.5901830985576922 0.6524906562499999 0.5887746490384616 0.6683278076923076 0.6190563389423077 0.7168950745192307 0.6317323942307692 0.7422345168269231 0.6099014086538461 0.7591274783653846 0.5908873245192308 0.7675739591346153 0.5690563389423077 0.7665181490384616 0.5627183100961538 0.7527926177884615 0.5803239447115385 0.7126718341346153 0.5873661971153846 0.6809975288461538 0.5627183100961538 0.7168950745192307 0.543 0.7348438461538461 0.5232816899038462 0.7644065288461538 0.5260985913461538 0.7960808317307693
3 0.4697605625 0.7052811610576923 0.4465211274038462 0.6862765793269231 0.4134225360576923 0.6672719975961539 0.3894788725961539 0.6989463004807692 0.45215493028846154 0.7232299350961539 0.4697605625 0.7052811610576923
3 0.5662394375 0.8277551370192308 0.5528591538461538 0.9006060336538462 0.5676478870192307 0.90271765625 0.5760985913461538 0.8425364783653847 0.5662394375 0.8277551370192308
3 0.5120140841346154 0.8657643004807691 0.5148309855769231 0.8879363125 0.5838450697115385 0.9375593894230769 0.5838450697115385 0.9185548076923078 0.5120140841346154 0.8657643004807691
3 0.6099014086538461 0.9755685528846154 0.6211690144230769 0.9650104519230769 0.6634225360576923 0.9185548076923078 0.7000422548076923 0.8826572620192308 0.6937042259615385 0.8720991610576923 0.6584929591346154 0.9048292764423077 0.6408873245192308 0.9248896682692307 0.6099014086538461 0.9692336923076923 0.6099014086538461 0.9755685528846154
3 0.643 0.9985007499999999 0.653 0.9985007499999999 0.6979295769230769 0.8858246923076922 0.7310281682692307 0.7971366442307691 0.7275070408653845 0.7855227307692307 0.6979295769230769 0.8583736298076924 0.6937042259615385 0.8647084903846154 0.7070845072115385 0.8203644663461538 0.6930000000000001 0.8224760865384616 0.694408451923077 0.845703908653846 0.6697605624999999 0.9006060336538462 0.643 0.9985007499999999
3 0.7465211274038462 0.7411787067307691 0.7789154927884615 0.6957788701923077 0.80638028125 0.673606858173077 0.8317323942307693 0.658825516826923 0.8507464783653845 0.6429883653846153 0.8655352115384616 0.6714952379807693 0.8676478870192308 0.6482674158653846 0.8493380288461538 0.6334860745192308 0.8218732379807693 0.6493232259615385 0.7866619711538461 0.6767742884615384 0.7521549302884616 0.7137276442307693 0.7289154927884615 0.7485693774038461 0.724690141826923 0.7601832884615385 0.7289154927884615 0.76335071875 0.7465211274038462 0.7411787067307691
3 0.7472253509615385 0.9977405673076922 0.7824366201923076 0.9597314014423077 0.843 0.8932153653846153 0.9035633798076923 0.8214202764423076 0.9260985913461539 0.7939692139423078 0.9134225360576923 0.7897459711538463 0.862718310096154 0.8509829591346154 0.7965211274038461 0.9270012884615385 0.732 0.9985007499999999 0.7472253509615385 0.9977405673076922
3 0.999 0.9745127427884616 0.999 0.9595202403846154 0.9394788725961539 0.8889921225961538 0.9373661971153846 0.9069408942307693 0.95638028125 0.9259454783653845 0.9894788725961539 0.9597314014423077 0.999 0.9745127427884616
3 0.9683521129807692 0.8034715048076924 0.9627183100961538 0.7929134014423076 0.9422957740384615 0.8119179855769231 0.9373661971153846 0.8298667572115386 0.9408873245192308 0.8288109471153846 0.9683521129807692 0.8034715048076924