3 0.10111814423076923 0.6535325673076924 0.12080872115384615 0.6789124711538462 0.13838959134615386 0.7138098413461538 0.14682841105769232 0.7423622355769232 0.15526723076923077 0.7582246778846155 0.15808016826923074 0.7423622355769232 0.14049929567307692 0.6873724375 0.11869901442307693 0.6482450841346155 0.09549226442307691 0.62921015625 0.06806610336538461 0.62921015625 0.04134317788461538 0.6270951634615384 0.02587201201923077 0.6228651802884616 0.01743319230769231 0.6228651802884616 0.023762307692307694 0.6154627067307692 0.03431082932692308 0.6133477139423077 0.03712376923076923 0.5974852740384615 0.01602672355769231 0.6091177307692308 0.0026652596153846153 0.6366126298076923 0.036420536057692306 0.6408426129807693 0.09127285576923076 0.6524750697115385 0.10111814423076923 0.6535325673076924
3 0.13698312259615386 0.6683375120192309 0.13627988701923077 0.6894874302884616 0.15456399519230768 0.7042923750000001 0.16018987259615386 0.6916024230769231 0.13698312259615386 0.6683375120192309
3 0.22277777884615385 0.7106373533653846 0.25372011298076924 0.7222698100961539 0.27200422115384615 0.7360172572115384 0.28184950721153845 0.7444772283653845 0.29239803124999997 0.7444772283653845 0.28817862259615384 0.7349597620192309 0.26215893269230767 0.7169823293269231 0.23191983173076924 0.7064073677884615 0.20238396634615385 0.6937174158653847 0.1904289735576923 0.6979474014423077 0.20097749759615385 0.7106373533653846 0.22277777884615385 0.7106373533653846
3 0.36694092788461535 0.7878345673076923 0.3711603389423077 0.7910070528846155 0.3725668076923077 0.7814895889423077 0.3423277067307692 0.7413047403846154 0.33881153365384614 0.7518796995192307 0.35217299519230766 0.7666846442307692 0.36061181490384614 0.7783171009615385 0.36694092788461535 0.7878345673076923
3 0.33177918509615384 0.7582246778846155 0.32615330528846154 0.7751446105769231 0.36975386778846153 0.8068694927884615 0.36905063221153844 0.7920645480769231 0.33177918509615384 0.7582246778846155
3 0.21715189903846152 0.8026395120192308 0.2340295360576923 0.7836045817307693 0.22418424759615385 0.7740871153846154 0.18550632932692307 0.8364793846153845 0.15808016826923074 0.8777217283653846 0.12995077403846153 0.91473409375 0.11377637259615384 0.9454014783653846 0.10041490865384615 0.9559764374999999 0.05751758173076923 0.9432864855769231 0.02798171634615385 0.9358840144230769 0.02587201201923077 0.9676088942307692 0.06314345913461539 0.968666391826923 0.08845991586538463 0.968666391826923 0.06833333413461538 0.997493733173077 0.11096343269230768 0.9792413533653845 0.0990084375 0.994046298076923 0.11869901442307693 0.9951037956730769 0.11729254567307691 0.9760688653846153 0.1622995793269231 0.9866438245192307 0.16511251923076922 0.9834713365384615 0.1616666658653846 0.997493733173077 0.17833333413461538 0.997493733173077 0.17847398076923077 0.9866438245192307 0.23121659615384615 0.9887588173076923 0.25653305048076924 0.9898163124999999 0.28 0.997493733173077 0.3183333341346154 0.997493733173077 0.35146976201923075 0.9802988485576923 0.3725668076923077 0.9792413533653845 0.3964767932692308 0.9623214158653847 0.42319971875 0.9454014783653846 0.44078058894230765 0.9422289903846154 0.4316385360576923 0.9200215745192307 0.37959915625 0.9485739663461538 0.3240436009615385 0.9802988485576923 0.2994303798076923 0.9834713365384615 0.26637833894230767 0.9718388798076922 0.2199648389423077 0.9718388798076922 0.28184950721153845 0.960206423076923 0.31841772115384614 0.9422289903846154 0.3324824182692308 0.9506889591346154 0.3416244735576923 0.9327115264423077 0.30857243269230766 0.9189640769230769 0.2480942331730769 0.9506889591346154 0.19535161778846152 0.9612639206730769 0.183396625 0.9570339350961539 0.19324191346153846 0.91473409375 0.2122292548076923 0.8861816995192308 0.23895218028846152 0.8756067403846154 0.2635654014423077 0.8713767548076923 0.28466244711538463 0.8650317764423078 0.2980239110576923 0.8576293052884616 0.3268565408653846 0.8206169423076923 0.33529535817307693 0.8110994783653845 0.35568917067307687 0.8533993197115385 0.36975386778846153 0.8851242019230768 0.38241209615384614 0.8713767548076923 0.36553445913461535 0.8301344086538461 0.33459212259615384 0.7846620769230769 0.31701125240384614 0.7941795408653847 0.30450553365384614 0.8161193990384615 0.30505625721153845 0.8036970048076924 0.24317158894230767 0.8311919038461538 0.20519690384615386 0.8586868028846154 0.19389698076923076 0.8776782716346154 0.19605485096153846 0.8660892740384616 0.17144163221153846 0.8777217283653846 0.1904289735576923 0.851284329326923 0.21715189903846152 0.8026395120192308
3 0.049078762019230775 0.9824138389423077 0.08002109615384614 0.8692617620192308 0.06736287019230769 0.8565718100961538 0.05400140625 0.9157915889423076 0.04134317788461538 0.9676088942307692 0.03853023798076923 0.9834713365384615 0.049078762019230775 0.9824138389423077
3 0.5800210961538462 0.8733894086538462 0.5800210961538462 0.8893541875 0.7143389591346154 0.8956991634615386 0.7044936706730769 0.8713767548076923 0.5800210961538462 0.8733894086538462
3 0.8437341754807692 0.6672800144230769 0.8542826995192307 0.6302676514423078 0.8697538677884615 0.5943127860576923 0.90280590625 0.5562429278846154 0.9105414927884615 0.5340355120192307 0.8999929687499999 0.5319205192307692 0.8669409278846154 0.5837378245192307 0.8395147692307692 0.6323826442307693 0.8324824182692308 0.6598775408653845 0.8437341754807692 0.6672800144230769
3 0.8163080168269231 0.7169823293269231 0.8015400841346154 0.7529371947115385 0.8099789038461539 0.7561096850961538 0.8240436009615385 0.7233273052884616 0.8163080168269231 0.7169823293269231
3 0.9414838245192307 0.34791620192307693 0.9534388173076922 0.3077313533653846 0.9625808725961539 0.25908653365384615 0.9309353004807692 0.3214788028846154 0.9217932475961538 0.3510886923076923 0.9281223629807692 0.3595486610576923 0.9414838245192307 0.34791620192307693
3 0.9639873413461538 0.28235144951923075 0.9534388173076922 0.25274156009615384 0.9393741225961538 0.26437401442307695 0.9555485240384616 0.2918689134615385 0.9639873413461538 0.28235144951923075