3 0.3115593581730769 0.4803558798076923 0.34590645192307695 0.4741196514423077 0.40211078365384617 0.4616471947115385 0.4270904903846154 0.4574897091346154 0.4442640360576923 0.4512534807692308 0.4395803413461538 0.4179935961538461 0.4333354134615384 0.4034423990384616 0.42240679567307693 0.37018251201923075 0.4036720168269231 0.34731634375 0.3911821658653846 0.34315885817307695 0.3693249230769231 0.33900137259615387 0.33966152403846156 0.3410801153846154 0.3006307379807692 0.3535525721153846 0.2662836442307692 0.3639462836538462 0.2709673389423077 0.4034423990384616 0.27565103365384613 0.4325447956730769 0.28345718990384616 0.4658046826923077 0.3115593581730769 0.4803558798076923
3 0.45207019230769235 0.5967654759615384 0.4770498966346154 0.6092379326923077 0.5160806850961538 0.6071591899038462 0.5519890072115385 0.5884505048076923 0.5816524086538462 0.5614268485576923 0.6019484158653846 0.5489543918269231 0.5894585649038462 0.521930735576923 0.5707237860576924 0.49490708173076925 0.6113158052884615 0.4928283365384616 0.6378567403846154 0.4865921081730769 0.6253668894230769 0.46372593990384614 0.5941422596153847 0.4429385096153846 0.5676013245192307 0.4408597692307692 0.5254480721153846 0.44917473798076923 0.47861112740384615 0.4429385096153846 0.45675388701923075 0.45956845432692306 0.4317741850961539 0.4782771394230769 0.41303940624999996 0.48867085336538457 0.40054955528846153 0.5177732500000001 0.4099169447115385 0.5447969086538461 0.4317741850961539 0.5697418197115385 0.45207019230769235 0.5967654759615384
3 0.0929869471153846 0.5177732500000001 0.10703803125000001 0.49490708173076925 0.10859926442307694 0.4699621682692308 0.09610941105769231 0.44709599759615387 0.07112970673076922 0.4533322259615385 0.008680447115384616 0.4616471947115385 0.0008742884615384616 0.5032220504807692 0.02273153125 0.521930735576923 0.05863985576923077 0.521930735576923 0.0929869471153846 0.5177732500000001
3 0.14606881971153846 0.5884505048076923 0.12577281009615385 0.5697418197115385 0.10079310576923077 0.5510331370192307 0.0836195576923077 0.5510331370192307 0.057078622596153844 0.5842930192307693 0.09454818028846154 0.6196316466346155 0.12108911538461539 0.6237891346153847 0.1429463557692308 0.6071591899038462 0.14606881971153846 0.5884505048076923
3 0.2147630048076923 0.61755290625 0.2506713317307692 0.6196316466346155 0.25847748798076925 0.5863717644230769 0.2694061057692308 0.5447969086538461 0.27721226682692307 0.5115370216346153 0.2740898004807692 0.4741196514423077 0.24442640384615383 0.4741196514423077 0.20227315384615385 0.4761983966346154 0.17104852403846155 0.5447969086538461 0.16480359615384615 0.594686733173077 0.17729344951923076 0.6133954182692307 0.2147630048076923 0.61755290625
3 0.16636482932692306 0.4283873125 0.15855867067307694 0.4699621682692308 0.20539561538461537 0.46372593990384614 0.24598763701923076 0.4512534807692308 0.25847748798076925 0.4283873125 0.2397427091346154 0.38681245673076925 0.25223256009615386 0.3597888004807693 0.25847748798076925 0.3327651442307692 0.22725285817307692 0.3057414879807692 0.2007119230769231 0.3057414879807692 0.18353837499999998 0.32237142788461537 0.15855867067307694 0.3327651442307692 0.12733404086538463 0.3202926875 0.09610941105769231 0.31405645913461544 0.07737463461538462 0.27871782932692307 0.04927246634615385 0.26832411778846155 0.01960906730769231 0.23714297596153847 0.003996752403846154 0.21219806009615386 0 0.3119777163461538 0.014925372596153844 0.44501725240384615 0.07425216826923077 0.42422982451923075 0.10391556971153845 0.4013636538461538 0.14606881971153846 0.4013636538461538 0.16636482932692306 0.4283873125
3 0.4676825072115385 0.41591485576923076 0.48953975 0.4055211418269231 0.49734590624999997 0.3930486850961538 0.531693 0.39512742548076923 0.5504277788461539 0.3930486850961538 0.5722850192307692 0.37018251201923075 0.6035096490384615 0.35147382692307694 0.6362955096153846 0.3202926875 0.6487853629807692 0.30158400240384614 0.6628364447115385 0.27871782932692307 0.6737650649038461 0.24545794711538463 0.6628364447115385 0.20388309134615384 0.6487853629807692 0.24545794711538463 0.6175607331730769 0.2433792043269231 0.5847748701923077 0.23714297596153847 0.5426216201923076 0.24130046153846155 0.5176419158653845 0.24753668990384614 0.5192031466346154 0.20804057692307693 0.5192031466346154 0.17270194951923076 0.5129582211538462 0.14567829326923076 0.4770498966346154 0.1332058389423077 0.4583151201923077 0.14567829326923076 0.45207019230769235 0.17893817788461538 0.4458252668269231 0.23506423317307693 0.43801910817307693 0.2558516610576923 0.42240679567307693 0.26832411778846155 0.41616186778846154 0.33068640144230765 0.41928433173076923 0.3119777163461538 0.41616186778846154 0.3348438846153846 0.44738649759615384 0.3888911971153846 0.4676825072115385 0.41591485576923076
3 0.6893773798076922 0.7048601009615385 0.7206020096153847 0.6903089014423076 0.7252857043269232 0.6591277596153847 0.6909386129807692 0.6092379326923077 0.6643976778846153 0.5905292475961539 0.6347342788461539 0.5926079927884615 0.5863361033653847 0.6050804495192308 0.5410603894230769 0.621710389423077 0.5020296009615385 0.6404190745192307 0.48485605528846154 0.6674427307692308 0.49734590624999997 0.6944663870192307 0.5176419158653845 0.7256475288461538 0.5504277788461539 0.746434954326923 0.5894585649038462 0.7298050144230769 0.6893773798076922 0.7048601009615385
3 0.23662024759615383 0.70693884375 0.2725285721153846 0.6965451274038461 0.28970211778846156 0.6716002163461539 0.27565103365384613 0.6508127884615384 0.23505901442307692 0.6466553028846154 0.18978330048076925 0.6819939302884616 0.1726097548076923 0.70693884375 0.2007119230769231 0.7235687860576923 0.23662024759615383 0.70693884375
3 0.30843689423076925 0.8753170072115384 0.3271716730769231 0.9376792932692308 0.34434521875 0.9896478605769231 0.3493723846153846 0.997214485576923 0.4686192475961538 0.997214485576923 0.42865171875 0.9231280913461538 0.38962093269230774 0.8275059254807692 0.3818147764423077 0.8004822668269231 0.40211078365384617 0.7859310697115384 0.40054955528846153 0.7630648990384615 0.37556984855769227 0.7422774711538461 0.3505901466346154 0.7318837572115384 0.3037532019230769 0.7256475288461538 0.2694061057692308 0.7318837572115384 0.2491100985576923 0.7526711826923077 0.2288140889423077 0.7817735817307692 0.24442640384615383 0.810875983173077 0.27565103365384613 0.8067184951923078 0.2943858125 0.8275059254807692 0.30843689423076925 0.8753170072115384
3 0.23430962259615384 0.997214485576923 0.21007931009615385 0.9730179182692308 0.15387497596153846 0.9356005480769232 0.12265034615384617 0.9106556346153846 0.08986448557692307 0.8794744927884615 0.06176231730769231 0.8836319807692308 0.011802911057692307 0.9418367764423077 0.02273153125 0.985490375 0.039748954326923075 0.997214485576923 0.15899581490384615 0.997214485576923 0.23430962259615384 0.997214485576923
3 0.7533878725961538 0.4013636538461538 0.7736838822115384 0.37018251201923075 0.7518266394230769 0.35563131490384614 0.7221632427884616 0.3535525721153846 0.6987447692307692 0.36186754326923076 0.6550302884615384 0.35563131490384614 0.6878161490384616 0.38057622836538463 0.7003060024038461 0.4034423990384616 0.7221632427884616 0.4055211418269231 0.7533878725961538 0.4013636538461538