3 0.17834920673076923 0.17961904807692308 0.1831111105769231 0.27485714182692306 0.1934285721153846 0.28543915384615387 0.2569206346153846 0.36480423317307686 0.3013650793269231 0.38067725 0.3045396826923077 0.5267089951923076 0.3299365072115385 0.5087195769230769 0.3156507932692308 0.35422222355769234 0.2704126971153846 0.3425820096153846 0.20215873076923077 0.24311111057692306 0.19739682451923077 0.16692063461538462 0.2593015865384615 0.1849100528846154 0.26565079326923074 0.16797883653846152 0.22438095192307694 0.14152381009615383 0.1696190480769231 0.12353439182692308 0.1569206346153846 0.1404656081730769 0.17834920673076923 0.17961904807692308
3 0.11088888942307693 0.39655026442307695 0.13707936538461538 0.39655026442307695 0.15215873076923075 0.41136507932692307 0.1759682548076923 0.41983068749999997 0.22755555528846155 0.4494603173076923 0.23787301682692308 0.46427513221153843 0.2593015865384615 0.6187724855769231 0.27755555528846154 0.6103068798076923 0.27676190384615384 0.5976084663461538 0.29898412740384617 0.5753862451923077 0.26723809615384614 0.5690370384615384 0.26326984134615383 0.5499894182692308 0.28866666586538464 0.5309417980769231 0.26406349278846153 0.5044867716346154 0.27279365144230766 0.4727407403846154 0.272 0.44628571394230765 0.2616825408653846 0.4473439158653846 0.24501587259615384 0.37750264423076924 0.23152381009615386 0.38385185096153845 0.2434285721153846 0.43570370432692307 0.2148571418269231 0.4039576730769231 0.11961904807692308 0.37856084615384616 0.0910476201923077 0.3753862451923077 0.10374603125000001 0.34998941826923075 0.0910476201923077 0.34152381009615385 0.06882539663461539 0.3849100528846154 0.07755555528846154 0.4060740745192308 0.11088888942307693 0.39655026442307695
3 0.34342857211538463 0.40289947115384617 0.3362857139423077 0.41030687980769226 0.3132698413461539 0.4155978846153846 0.27755555528846154 0.4452275144230769 0.2854920625 0.45580952403846153 0.3370793653846154 0.4346455024038462 0.34342857211538463 0.40289947115384617
3 0.3934285721153846 0.6473439158653846 0.35215873076923077 0.6420529110576924 0.3553333341346154 0.38279365144230765 0.34025396874999997 0.3817354495192308 0.33073015865384614 0.6706243389423077 0.39184126923076923 0.6621587307692308 0.3934285721153846 0.6473439158653846
3 0.42120634855769234 0.4081904759615385 0.40374603124999997 0.40078306971153843 0.4029523798076923 0.6621587307692308 0.4196190480769231 0.6579259254807692 0.42120634855769234 0.4081904759615385
3 0.5005714278846154 0.7150687836538462 0.5513650793269231 0.7150687836538462 0.5704126971153847 0.6981375673076923 0.5688253966346154 0.6716825408653846 0.5418412692307693 0.6886137548076923 0.4831111105769231 0.6875555552884615 0.40533333413461536 0.6558095240384615 0.3934285721153846 0.6843809519230769 0.4315238100961538 0.6981375673076923 0.5005714278846154 0.7150687836538462
3 0.5116825408653847 0.4251216923076923 0.49342857211538466 0.4124232788461538 0.48152381009615386 0.6790899471153846 0.5013650793269231 0.6801481490384614 0.5116825408653847 0.4251216923076923
3 0.6172380961538462 0.5711534375 0.6180317451923076 0.555280423076923 0.5307301586538462 0.5626878317307692 0.5005714278846154 0.5616296298076923 0.48073015865384616 0.5330582019230768 0.4727936514423077 0.5679788365384616 0.49342857211538466 0.5827936514423077 0.556126983173077 0.5817354495192307 0.6172380961538462 0.5711534375
3 0.5854920625 0.5584550264423077 0.6093015865384616 0.5034285721153846 0.6608888894230769 0.48861375480769226 0.7346984134615385 0.46215873076923075 0.7958095240384615 0.4346455024038462 0.7989841274038461 0.38808465625 0.769619048076923 0.31401058173076923 0.7529523798076923 0.3108359783653846 0.7505714278846154 0.3288253966346154 0.7791428581730769 0.3933756610576923 0.7727936514423077 0.41771428605769234 0.7513650793269231 0.42406349278846156 0.7021587307692307 0.4399365072115385 0.6323174591346153 0.45898412740384614 0.5886666658653846 0.48332275 0.5656507932692307 0.5034285721153846 0.5553333341346154 0.6050158725961539 0.5616825408653846 0.6653333341346154 0.5958095240384615 0.6991957668269231 0.6259682548076922 0.7118941802884616 0.6291428581730769 0.6991957668269231 0.6077142860576923 0.6812063485576924 0.5839047620192308 0.6611005288461538 0.5831111105769231 0.6166560841346154 0.5854920625 0.5584550264423077
3 0.4466031754807692 0.17961904807692308 0.4989841274038461 0.156338625 0.5299365072115385 0.1722116394230769 0.5934285721153846 0.2198306875 0.6267619038461538 0.25157672115384616 0.6307301586538461 0.2917883605769231 0.6267619038461538 0.3796190480769231 0.6299365072115385 0.4166560841346154 0.6450158725961538 0.4071322740384616 0.6473968245192308 0.32776719711538466 0.6442222211538462 0.2579259254807692 0.6307301586538461 0.21877248557692308 0.5235873028846154 0.14364021153846154 0.4942222211538461 0.13305820192307694 0.4021587307692308 0.1658624326923077 0.37914285817307697 0.20078306971153845 0.3696190480769231 0.25475132211538465 0.39422222115384614 0.2642751322115385 0.39898412740384614 0.20184126923076923 0.4466031754807692 0.17961904807692308
3 0.6600952379807693 0.4452275144230769 0.6545396826923077 0.4145396826923077 0.6767619038461539 0.40501587259615385 0.6839047620192308 0.38808465625 0.6712063485576922 0.38596825240384613 0.6585079375 0.40184126923076924 0.6315238100961539 0.40501587259615385 0.6156507932692308 0.4208888894230769 0.6156507932692308 0.4452275144230769 0.6600952379807693 0.4452275144230769
3 0.5846984134615385 0.7626878317307693 0.6077142860576923 0.7573968245192308 0.6307301586538461 0.6251216923076923 0.6434285721153846 0.5182433870192308 0.6545396826923077 0.4769735456730769 0.6204126971153846 0.4812063485576923 0.6140634927884615 0.5341164038461538 0.6085079375 0.5912592596153846 0.5886666658653846 0.6896719567307692 0.5846984134615385 0.7626878317307693
3 0.8823174591346153 0.4769735456730769 0.9346984134615385 0.46850793509615385 0.9775555552884616 0.4579259254807692 0.9950158725961539 0.45051851923076924 0.9981904759615384 0.4166560841346154 0.9497777788461538 0.4441693125 0.8807301586538461 0.45898412740384614 0.8291428581730769 0.4716825408653846 0.7378730168269231 0.5013121682692308 0.6783492067307691 0.5446984134615385 0.6426349206730768 0.556338625 0.6434285721153846 0.5817354495192307 0.7180317451923077 0.540465608173077 0.8259682548076923 0.4907301586538461 0.8823174591346153 0.4769735456730769
3 0.7759682548076923 0.5288253966346154 0.8164444447115385 0.5161269831730769 0.8497777788461539 0.5013121682692308 0.8942222211538462 0.4282962956730769 0.9481904759615385 0.41877248557692304 0.9569206346153846 0.40924867788461533 0.9450158725961538 0.38067725 0.8569206346153847 0.33094179807692303 0.8497777788461539 0.34787301682692306 0.94025396875 0.40078306971153843 0.8934285721153846 0.4124232788461538 0.8577142860576923 0.46004232692307695 0.8339047620192308 0.4907301586538461 0.7989841274038461 0.5013121682692308 0.7775555552884617 0.5013121682692308 0.7545396826923076 0.5108359783653846 0.7093015865384615 0.5140105817307693 0.6608888894230769 0.4864973557692308 0.6656507932692308 0.5161269831730769 0.7315238100961537 0.5383492067307692 0.7616825408653847 0.5372910048076923 0.7759682548076923 0.5288253966346154
3 0.5093015865384616 0.7552804230769231 0.5473968245192308 0.7140105817307693 0.5466031754807692 0.7055449735576923 0.4973968245192308 0.7521058197115384 0.40533333413461536 0.7976084663461538 0.37993650721153843 0.8230052908653847 0.3243809519230769 0.8928465625 0.3442222211538462 0.8960211634615385 0.3862857139423077 0.8452275144230769 0.42358730288461544 0.8166560841346153 0.5093015865384616 0.7552804230769231