3 0.6776190480769231 0.24299653846153849 0.6950793653846153 0.25873465625000003 0.709365079326923 0.27447277403846154 0.7284126995192307 0.2879625889423077 0.7538095240384616 0.2924591947115385 0.7792063485576922 0.2879625889423077 0.8093650793269231 0.27896937740384614 0.8426984134615385 0.2677278653846154 0.8680952379807692 0.25423805048076925 0.8792063485576923 0.2340033269230769 0.8839682548076924 0.209272 0.8919047620192307 0.18454067067307692 0.8792063485576923 0.15980934375 0.8506349206730769 0.15980934375 0.8252380961538462 0.1620576466346154 0.7966666658653847 0.16430594951923078 0.7712698413461538 0.16430594951923078 0.7474603173076922 0.1620576466346154 0.7173015865384615 0.15980934375 0.6855555552884615 0.16655425000000001 0.672857141826923 0.18454067067307692 0.6601587307692308 0.19353388221153847 0.6649206346153846 0.23175502403846154 0.6776190480769231 0.24299653846153849
3 0.8839682548076924 0.11259499038461539 0.89825396875 0.12158820192307693 0.9141269831730768 0.10135347836538461 0.9284126995192307 0.08336705769230769 0.9395238100961538 0.054139124999999996 0.9379365072115384 0.04064931009615384 0.8696825408653847 0.05863573076923077 0.8855555552884616 0.07212554567307693 0.8966666658653846 0.08336705769230769 0.8934920625 0.09910517548076923 0.8839682548076924 0.11259499038461539
3 0.46809523798076924 0.49480642067307695 0.46174603125 0.5240343533653846 0.4569841274038462 0.5487656826923076 0.46809523798076924 0.5600071947115385 0.4807936514423077 0.5397724711538461 0.48873015865384617 0.501551329326923 0.4950793653846154 0.4723233966346154 0.48714285817307695 0.45658527884615385 0.46809523798076924 0.44534376682692306 0.45539682451923075 0.43410225240384614 0.4315873004807692 0.43410225240384614 0.4315873004807692 0.46333018509615387 0.4490476201923077 0.47007509375 0.4649206346153846 0.4745716995192308 0.46809523798076924 0.49480642067307695
3 0.8014285721153847 0.6544359014423077 0.7998412692307693 0.6274562692307692 0.7871428581730769 0.6049732451923077 0.7728571418269231 0.5847385216346154 0.7601587307692307 0.5645038004807692 0.7458730168269232 0.5397724711538461 0.7331746033653845 0.5375241682692308 0.741111110576923 0.5734970096153846 0.7553968245192307 0.5982283389423076 0.7712698413461538 0.6117181538461538 0.7744444447115384 0.6454426923076924 0.7601587307692307 0.6454426923076924 0.7458730168269232 0.6274562692307692 0.7331746033653845 0.6004766394230769 0.7220634927884616 0.5757453125 0.7109523798076923 0.5420207740384615 0.7109523798076923 0.5172894471153846 0.741111110576923 0.48356490865384616 0.76174603125 0.47682 0.7807936514423077 0.4903098149038462 0.7950793653846154 0.5105445384615385 0.8093650793269231 0.5105445384615385 0.8252380961538462 0.5060479350961539 0.8157142860576924 0.4813166057692308 0.7966666658653847 0.4655784879807693 0.7776190480769232 0.45658527884615385 0.7379365072115385 0.4610818822115385 0.7109523798076923 0.4723233966346154 0.6950793653846153 0.49255811778846154 0.687142858173077 0.5217860528846153 0.6919047620192308 0.5577588918269231 0.703015872596154 0.5892351274038462 0.7157142860576923 0.6117181538461538 0.7347619038461539 0.649939295673077 0.7680952379807693 0.6656774134615385 0.7919047620192308 0.6589325072115385 0.8014285721153847 0.6544359014423077
3 0.08396825480769231 0.6072215480769231 0.1268253966346154 0.6139664543269231 0.16015873076923076 0.6342011778846154 0.1839682548076923 0.6544359014423077 0.21095237980769233 0.6701740192307692 0.22841269951923077 0.699401951923077 0.2553968245192308 0.7241332788461539 0.28079365144230767 0.7421196995192307 0.30460317548076926 0.769099329326923 0.33 0.7915823557692309 0.35380952403846155 0.8185619855769232 0.3728571418269231 0.8410450120192308 0.3934920625 0.8320518004807693 0.3855555552884615 0.8028238677884616 0.36809523798076926 0.7848374471153845 0.3331746033653846 0.7533612115384615 0.3061904759615385 0.7308781875 0.28555555528846155 0.7083951610576923 0.2553968245192308 0.6746706225961538 0.22206349278846152 0.6476909927884615 0.20460317548076923 0.6297045721153847 0.1792063485576923 0.6049732451923077 0.15698412740384615 0.5914834302884615 0.13 0.56900040625 0.10301587259615384 0.5577588918269231 0.08238095192307693 0.5622554975961539 0.05698412740384616 0.56900040625 0.03952381009615384 0.5779936153846154 0.01730158653846154 0.5914834302884615 0.006190475961538462 0.6117181538461538 0.009365079326923077 0.6252079687500001 0.030000000000000002 0.6162147572115385 0.06333333413461538 0.6117181538461538 0.08396825480769231 0.6072215480769231
3 0.13476190384615386 0.32618373076923074 0.16174603125 0.30145240384615385 0.1792063485576923 0.2812176802884615 0.21095237980769233 0.24974144471153847 0.23317460336538462 0.24749314182692309 0.2490476201923077 0.25423805048076925 0.26809523798076923 0.2722244711538461 0.27126984134615384 0.2340033269230769 0.2490476201923077 0.2182652091346154 0.22682539663461537 0.19353388221153847 0.20936507932692308 0.20702369711538463 0.19031745913461537 0.2295067235576923 0.17285714182692308 0.24299653846153849 0.15222222115384615 0.2654795625 0.13158730048076922 0.2834659831730769 0.10777777884615383 0.30145240384615385 0.0934920625 0.32618373076923074 0.0792063485576923 0.3396735456730769 0.06333333413461538 0.35316336057692305 0.06492063461538461 0.38239129567307695 0.09190476201923076 0.37789468990384617 0.11253968269230769 0.35316336057692305 0.13476190384615386 0.32618373076923074
3 0.30301587259615387 0.25873465625000003 0.3188888894230769 0.2609829567307692 0.3157142860576923 0.2182652091346154 0.30301587259615387 0.1800440673076923 0.28873015865384616 0.15756104086538464 0.26809523798076923 0.13507801682692308 0.2506349206730769 0.1305814110576923 0.23793650721153847 0.15531273798076925 0.2585714278846154 0.18229237019230768 0.2728571418269231 0.209272 0.2839682548076923 0.2340033269230769 0.30301587259615387 0.25873465625000003
3 0.4522222211538462 0.17329915865384615 0.4649206346153846 0.19128557932692306 0.4696825408653846 0.2182652091346154 0.48238095192307695 0.24524484134615385 0.4998412692307692 0.24299653846153849 0.49825396875 0.20702369711538463 0.48238095192307695 0.17329915865384615 0.46809523798076924 0.14407122596153846 0.46174603125 0.11709159615384615 0.46174603125 0.08336705769230769 0.46174603125 0.051890822115384615 0.4490476201923077 0.029407798076923078 0.43 0.029407798076923078 0.42047618990384616 0.04964251923076923 0.40301587259615385 0.0743738485576923 0.41412698317307695 0.10135347836538461 0.4315873004807692 0.12608480528846153 0.4379365072115385 0.15756104086538464 0.4522222211538462 0.17329915865384615
3 0.08238095192307693 0.2632312596153846 0.0760317451923077 0.2857142860576923 0.09190476201923076 0.2857142860576923 0.10142857211538461 0.24974144471153847 0.11095237980769232 0.22276181490384614 0.11253968269230769 0.19578218509615386 0.09825396875 0.17779576442307693 0.08873015865384616 0.16880255528846153 0.06492063461538461 0.17329915865384615 0.08396825480769231 0.19353388221153847 0.08873015865384616 0.209272 0.08714285817307693 0.23175502403846154 0.08238095192307693 0.2632312596153846
3 0.11730158653846154 0.14407122596153846 0.12841269951923076 0.16880255528846153 0.13952381009615383 0.14182292307692307 0.1268253966346154 0.11484329326923078 0.11412698317307692 0.0811187548076923 0.10619047596153847 0.051890822115384615 0.09507936538461538 0.018166283653846153 0.06492063461538461 0.00917307451923077 0.08396825480769231 0.04289761298076923 0.09190476201923076 0.06538063701923078 0.10619047596153847 0.1103466875 0.11730158653846154 0.14407122596153846
3 0.19825396875 0.14856783173076923 0.1839682548076923 0.11709159615384615 0.1792063485576923 0.09910517548076923 0.19507936538461537 0.10360178125 0.21730158653846152 0.1103466875 0.24587301682692309 0.1103466875 0.23634920673076923 0.09236026923076923 0.21412698317307693 0.06987724278846154 0.19507936538461537 0.06088403125 0.17603174519230771 0.05863573076923077 0.16174603125 0.07887045432692306 0.16015873076923076 0.11259499038461539 0.17603174519230771 0.15306443509615383 0.19190476201923076 0.17779576442307693 0.20936507932692308 0.18229237019230768 0.19825396875 0.14856783173076923
3 0.9379365072115384 0.21601690865384615 0.9173015865384616 0.23849993269230768 0.8998412692307693 0.25198974759615383 0.877619048076923 0.2812176802884615 0.8538095240384614 0.29695579807692307 0.8347619038461538 0.31269391586538464 0.8411111105769231 0.33742524278846153 0.8601587307692308 0.33292863942307693 0.8998412692307693 0.29695579807692307 0.9220634927884616 0.2812176802884615 0.9236507932692307 0.3037007067307692 0.9204761899038462 0.33292863942307693 0.9315873004807693 0.3576599663461538 0.9538095240384615 0.3733980841346154 0.9617460312499999 0.3576599663461538 0.9680952379807692 0.3306803365384615 0.9792063485576924 0.30819731009615386 0.9887301586538462 0.2924591947115385 0.9993333341346153 0.2700661009615385 0.9950793653846154 0.22051351201923078 0.9855555552884615 0.18229237019230768 0.9807936514423077 0.15756104086538464 0.9728571418269231 0.12383650240384615 0.9617460312499999 0.10809838461538461 0.9474603173076923 0.09910517548076923 0.9363492067307693 0.10360178125 0.9252380961538461 0.11259499038461539 0.9061904759615385 0.14856783173076923 0.9315873004807693 0.15756104086538464 0.9490476201923077 0.17329915865384615 0.950634920673077 0.18903727644230767 0.9379365072115384 0.21601690865384615
3 0.5347619038461539 0.5150411442307692 0.5173015865384616 0.5645038004807692 0.5236507932692308 0.5869868245192308 0.5379365072115385 0.56900040625 0.5490476201923077 0.5352758677884615 0.5553968245192308 0.5150411442307692 0.5585714278846153 0.4858132115384616 0.5633333341346154 0.46333018509615387 0.572857141826923 0.4408471610576923 0.5696825408653846 0.41836413461538463 0.550634920673077 0.4408471610576923 0.5331746033653846 0.46782679086538465 0.5315873004807693 0.4858132115384616 0.5347619038461539 0.5150411442307692