3 0.5605971538461538 0.29766302884615387 0.5899907163461539 0.29766302884615387 0.6735303221153845 0.3145517115384615 0.6812654711538462 0.29555194230769233 0.5667852716346153 0.2765521754807692 0.4383818052884615 0.2828854326923077 0.3254486394230769 0.27971880288461537 0.003666461538461538 0.27444109134615385 0.003666461538461538 0.2987185721153846 0.3347308173076923 0.2987185721153846 0.45230507451923074 0.30716291346153846 0.5605971538461538 0.29766302884615387
3 0.07482982692307692 0.46760539663461537 0.051624382211538464 0.5414933822115384 0.023777846153846153 0.6122147403846154 0.0005724014423076923 0.652325360576923 0.0021194302884615383 0.6903248966346154 0.053171411057692304 0.5847706298076922 0.08256497596153846 0.5182714423076923 0.10112933173076924 0.40638392307692306 0.10886448076923078 0.3156072548076923 0.10267636057692307 0.2649412067307692 0.06709467788461539 0.22377504326923076 0.04853032211538462 0.23433046875000002 0.08720606490384616 0.2670522932692308 0.08875309375 0.32932930769230767 0.07482982692307692 0.46760539663461537
3 0.33318378846153845 0.48554962259615386 0.44456992548076923 0.5319934975961538 0.42600556971153847 0.5066604735576923 0.17074566826923077 0.3916063245192308 0.0021194302884615383 0.31877388221153846 0 0.3262260120192308 0.003666461538461538 0.3409402764423077 0.16765161057692307 0.4021617524038461 0.33318378846153845 0.48554962259615386
3 0.6704362620192307 0.2649412067307692 0.6534189350961538 0.30716291346153846 0.6487778461538463 0.3525512451923077 0.6642481442307692 0.4137727211538461 0.6704362620192307 0.4528277980769231 0.6627011129807693 0.4908273341346154 0.6317605192307691 0.5182714423076923 0.6425897283653845 0.5288268701923077 0.6719832932692308 0.5098271033653846 0.6843595288461538 0.4718275649038462 0.6843595288461538 0.4369946586538462 0.6766243822115385 0.3715510144230769 0.6627011129807693 0.33038485096153847 0.667342204326923 0.29027423076923076 0.7075649759615386 0.22377504326923076 0.7400525985576922 0.15410922596153845 0.7864634903846154 0.07388798557692308 0.8050278461538463 0.0021110841346153844 0.7864634903846154 0.005277713942307693 0.7385055697115385 0.11399860576923077 0.7060179447115384 0.19633093509615385 0.6704362620192307 0.2649412067307692
3 0.17074566826923077 0.5182714423076923 0.2001392331730769 0.5383267548076923 0.24190903365384614 0.5583820649038461 0.24809715384615386 0.5457155528846154 0.18002784615384615 0.5108826442307692 0.13825804567307692 0.4876607067307692 0.08875309375 0.4749941947115385 0.039248144230769236 0.4728831081730769 0.0021194302884615383 0.48554962259615386 0.005213490384615384 0.5013827620192308 0.04388923317307692 0.4866051634615385 0.06864170673076923 0.4866051634615385 0.1243347764423077 0.49399396153846153 0.17074566826923077 0.5182714423076923
3 0.22953279807692306 0.5615486923076923 0.24036200480769232 0.5531043509615384 0.14135210576923077 0.5246046995192308 0.03770111298076923 0.48871625 0.0067605192307692305 0.4707720240384615 0.005213490384615384 0.48132745192307697 0.06864170673076923 0.5172159014423077 0.18157487740384617 0.5478266370192307 0.22953279807692306 0.5615486923076923
3 0.19859220432692307 0.56682640625 0.22953279807692306 0.56682640625 0.23881497596153847 0.5594376057692307 0.08565903365384615 0.5193269855769231 0.0021194302884615383 0.50032721875 0.0005724014423076923 0.5203825288461539 0.03770111298076923 0.5161603581730769 0.11350556971153845 0.5383267548076923 0.19859220432692307 0.56682640625
3 0.27284962740384616 0.50032721875 0.30069616346153843 0.5203825288461539 0.3208075504807692 0.5562709783653846 0.33627784615384615 0.550993264423077 0.3223545793269231 0.5277713269230769 0.2929610144230769 0.5024383028846153 0.2511912115384615 0.4739386514423077 0.22025061778846153 0.48871625 0.22179764903846153 0.5098271033653846 0.22798576682692306 0.5404378389423077 0.23262685576923078 0.5077160168269231 0.24190903365384614 0.4918828774038462 0.27284962740384616 0.50032721875
3 0.14908725240384615 0.6185479951923077 0.10886448076923078 0.6248812524038462 0.04388923317307692 0.6227701658653846 0.04853032211538462 0.6438810192307692 0.05471843990384616 0.6470476466346154 0.017589728365384614 0.6597141586538461 0.005213490384615384 0.7029914086538462 0.0021194302884615383 0.72304671875 0.0067605192307692305 0.7884903629807692 0 0.8176972283653845 0.1784808173076923 0.8222677283653846 0.23262685576923078 0.7789904783653847 0.2651144807692308 0.7884903629807692 0.32390161057692307 0.8359897836538461 0.44456992548076923 0.8919335432692308 0.5899907163461539 0.8655449759615385 0.6425897283653845 0.8613228052884616 0.8266862620192307 0.938377420673077 0.9844832932692308 0.938377420673077 0.9875773509615384 0.7526019134615385 0.9968595288461538 0.6354366778846153 0.8421565600961538 0.6101036538461538 0.8591738870192308 0.5108826442307692 0.8174040841346154 0.50032721875 0.8096689350961538 0.5963816009615385 0.7709931947115384 0.5858261730769231 0.7709931947115384 0.5604931490384616 0.7013768557692307 0.5203825288461539 0.6333075504807693 0.52354915625 0.6627011129807693 0.4612721394230769 0.6704362620192307 0.4412168293269231 0.5977258653846154 0.4644387668269231 0.5961788365384615 0.48871625 0.5838025985576923 0.4602165961538462 0.5544090336538462 0.4602165961538462 0.5838025985576923 0.5161603581730769 0.5513149759615384 0.5182714423076923 0.5126392331730769 0.5224936129807692 0.3749535889423077 0.5372712115384616 0.33008972836538464 0.5478266370192307 0.2620204206730769 0.5594376057692307 0.21251547115384614 0.5647153197115384 0.05007735096153846 0.5911038870192308 0.05007735096153846 0.617492451923077 0.13206992548076923 0.6111591971153846 0.14908725240384615 0.6185479951923077
3 0.10731744951923076 0.9605438149038462 0.15836943028846154 0.9985433509615385 0.18312190625 0.9974878076923077 0.13671101682692308 0.9615993581730768 0.11195853846153846 0.9373218774038462 0.0980352716346154 0.9077666826923078 0.07018873798076923 0.8486562932692308 0.05007735096153846 0.7979902451923077 0.039248144230769236 0.7652684254807693 0.02223081730769231 0.7293799735576924 0.0067605192307692305 0.7378243149038461 0.051624382211538464 0.8507673798076923 0.08720606490384616 0.9246553653846153 0.10731744951923076 0.9605438149038462
3 0.37650061778846156 0.8824336586538462 0.3826887379807692 0.8697671466346153 0.26666150961538465 0.8486562932692308 0.19859220432692307 0.8275454423076922 0.08875309375 0.8412674951923077 0.009854579326923076 0.8317676129807693 0 0.8443496802884615 0.0021194302884615383 0.8549895504807693 0.04853032211538462 0.8560450937499999 0.08875309375 0.8644894350961538 0.18312190625 0.8454896658653847 0.37650061778846156 0.8824336586538462
3 0.10422338942307692 0.9056555961538462 0.2001392331730769 0.8539340072115384 0.17074566826923077 0.8476007524038462 0.1196936875 0.8908780000000001 0.16146349038461538 0.8486562932692308 0.1521813125 0.8486562932692308 0.10112933173076924 0.8782114879807692 0.08565903365384615 0.8982667980769231 0.0021194302884615383 0.9447106754807693 0 0.9584221754807692 0.04698329326923077 0.93415525 0.08720606490384616 0.9151554807692308 0.10422338942307692 0.9056555961538462
3 0.2140625 0.941544048076923 0.33782487740384615 0.9309886225961539 0.2991491346153846 0.9679326129807693 0.2713025985576923 0.9932656370192308 0.29760210576923074 0.9943211802884615 0.3409189350961539 0.9563216442307693 0.39197091586538463 0.9193776514423077 0.45230507451923074 0.8929890841346153 0.42909962740384616 0.8845447451923077 0.3826887379807692 0.9003778846153847 0.23417388701923075 0.9214887379807692 0.15991646153846156 0.9394329615384615 0.08720606490384616 0.9837657548076923 0.07482982692307692 0.996432264423077 0.11814665865384615 0.9985433509615385 0.13825804567307692 0.9679326129807693 0.16146349038461538 0.9542105600961539 0.2140625 0.941544048076923
3 0.4569461634615385 0.6987692379807692 0.41362933173076927 0.796934704326923 0.37031250000000004 0.8613228052884616 0.3440129951923077 0.9394329615384615 0.32854269951923076 0.9985433509615385 0.35638923317307697 0.9985433509615385 0.3672184399038461 0.9573771875 0.40125309375 0.8792670312499999 0.42600556971153847 0.8138233870192307 0.4662283413461538 0.7557685408653847 0.5157332932692308 0.6671029567307692 0.6209313125 0.535160125 0.6781714110576923 0.4739386514423077 0.6596070552884614 0.4612721394230769 0.6054610144230769 0.5203825288461539 0.5575030937500001 0.5752707451923077 0.5049040841346154 0.6491587331730769 0.4569461634615385 0.6987692379807692
3 0.8096689350961538 0.9394329615384615 0.8823793317307692 0.92254428125 0.9597308173076923 0.9067111418269231 0.9984375000000001 0.8837953100961538 0.9984375000000001 0.8688699350961537 0.9891243822115385 0.8666005192307692 0.8901144807692307 0.9035445120192308 0.8112159663461539 0.9214887379807692 0.7276763605769231 0.9425995913461538 0.6364016081730769 0.9267664519230769 0.5420327956730769 0.9003778846153847 0.47551051923076926 0.8845447451923077 0.4538521057692308 0.8982667980769231 0.6085550745192307 0.9352107932692307 0.7199412115384616 0.9563216442307693 0.8096689350961538 0.9394329615384615
3 0.4399288365384615 0.9985433509615385 0.4631342836538461 0.8096012163461539 0.44766398317307693 0.8053790456730769 0.43683477644230767 0.8729337740384615 0.4244585384615384 0.9436551322115385 0.4203125 0.9989339014423078 0.4399288365384615 0.9985433509615385
3 0.5559560649038462 0.9953767235576922 0.5791615096153846 0.9900990096153847 0.5188273509615384 0.9067111418269231 0.4600402235576923 0.8148789302884616 0.4538521057692308 0.8349342403846154 0.48943378846153845 0.8771559447115386 0.5203743822115384 0.9330997067307693 0.5559560649038462 0.9953767235576922
3 0.7493347764423077 0.7768793942307692 0.6890006177884616 0.8296565264423077 0.6410426995192308 0.8919335432692308 0.5992728942307692 0.9520994735576923 0.5776144807692307 0.9879879254807692 0.6240253725961539 0.9985433509615385 0.6317605192307691 0.9647659855769231 0.6719832932692308 0.9077666826923078 0.7183941826923077 0.8444341225961539 0.794198639423077 0.7811015649038461 0.8143100240384615 0.7103802067307693 0.8297803221153845 0.6079925697115385 0.8514387379807692 0.5172159014423077 0.8282332932692308 0.5066604735576923 0.7957456682692308 0.6227701658653846 0.7787283413461539 0.7061580360576923 0.7709931947115384 0.7504908269230769 0.7493347764423077 0.7768793942307692
3 0.6998298269230769 0.7547129975961538 0.7477877475961539 0.8212121850961539 0.8127629951923077 0.886655829326923 0.8715501225961538 0.9373218774038462 0.9349783413461539 0.9795435841346154 0.9813892331730769 0.9974878076923077 0.9937499999999999 0.9989339014423078 0.9937654711538462 0.9837657548076923 0.9133199254807691 0.941544048076923 0.8607209158653847 0.8993223413461539 0.8019337884615385 0.8391564110576923 0.7446936875 0.7884903629807692 0.7153001225961538 0.7167134615384616 0.6688892331730769 0.6417699350961539 0.6487778461538463 0.5911038870192308 0.6302134903846154 0.5562709783653846 0.5930847764423077 0.4918828774038462 0.5729733918269231 0.46338322596153847 0.5683323004807692 0.4644387668269231 0.5977258653846154 0.5594376057692307 0.6719832932692308 0.6723806706730768 0.6998298269230769 0.7547129975961538
3 0.15527537259615384 0.6681585 0.23881497596153847 0.6871582668269232 0.2960550745192308 0.6987692379807692 0.3826887379807692 0.7146023774038461 0.38732982692307694 0.7336021442307692 0.47551051923076926 0.7431020288461538 0.4971689350961539 0.757879625 0.5528620048076923 0.7747683076923076 0.6348545793269231 0.7916569903846155 0.7369585384615385 0.8032679615384615 0.7740872524038462 0.8212121850961539 0.8421565600961538 0.8296565264423077 0.8653620048076923 0.8433785817307692 0.96437190625 0.8803225745192308 0.9984375000000001 0.865671641826923 0.9628248774038461 0.863433891826923 0.8792852716346153 0.8254343557692307 0.8560798269230769 0.8117123028846154 0.8065748774038461 0.8096012163461539 0.7168471538461538 0.7853237355769231 0.6054610144230769 0.7694905937500001 0.5234684399038462 0.7409909423076922 0.4120823004807692 0.704046951923077 0.3672184399038461 0.6956026105769231 0.28522586538461536 0.6808250120192307 0.19085705528846153 0.6586586153846153 0.13361695432692308 0.6428254759615384 0.03770111298076923 0.6322700504807692 0.03306002403846154 0.6449365625 0.051624382211538464 0.6544364447115385 0.15527537259615384 0.6681585
3 0.10267636057692307 0.6037703990384615 0.17693378846153845 0.5847706298076922 0.2573793317307692 0.5837150865384616 0.31926051923076926 0.5794929158653847 0.3842357668269231 0.5921594302884615 0.4383818052884615 0.6006037716346154 0.5157332932692308 0.6153813677884615 0.5853496274038462 0.6375477644230769 0.6534189350961538 0.6649918725961539 0.7091120048076923 0.6713251274038462 0.8328743822115385 0.6945470673076923 0.9427134903846154 0.7114357499999999 0.9953125 0.7219911754807692 0.9891243822115385 0.7072135793269231 0.9009436875 0.6882138100961538 0.8220451730769232 0.6734362139423078 0.7153001225961538 0.6565475312500001 0.6456837884615385 0.6428254759615384 0.5868966586538462 0.6227701658653846 0.4987159663461539 0.5953260576923077 0.37650061778846156 0.5763262884615384 0.27439665865384616 0.5710485745192307 0.15991646153846156 0.5773818317307693 0.053171411057692304 0.5995482283653846 0.04698329326923077 0.6164369110576923 0.06400061778846154 0.6164369110576923 0.10267636057692307 0.6037703990384615
3 0.06400061778846154 0.718824548076923 0.09184715384615384 0.7272688894230769 0.11814665865384615 0.7452131129807692 0.15991646153846156 0.7673795096153846 0.2001392331730769 0.7716016802884614 0.23726794471153845 0.7779349350961537 0.3068842836538461 0.7779349350961537 0.3177134903846154 0.7589351682692308 0.28522586538461536 0.7557685408653847 0.21715656009615386 0.7483797427884615 0.16146349038461538 0.738879858173077 0.12742883653846154 0.7072135793269231 0.07947091586538463 0.6977136947115384 0.005213490384615384 0.69982478125 0.01449566826923077 0.7283244326923076 0.03770111298076923 0.7241022620192308 0.06400061778846154 0.718824548076923
3 0.10577042067307693 0.8191011009615384 0.18312190625 0.8148789302884616 0.26820853846153847 0.8191011009615384 0.4058941826923077 0.81276784375 0.4120823004807692 0.7990457884615385 0.38732982692307694 0.8001013317307692 0.27439665865384616 0.8074901322115384 0.1877629951923077 0.8064345889423077 0.09958230048076923 0.8106567596153845 0.01604269951923077 0.801156875 0.00830755048076923 0.8148789302884616 0.03306002403846154 0.8169900144230768 0.10577042067307693 0.8191011009615384
3 0.7818224014423076 0.6544364447115385 0.7895575504807693 0.6354366778846153 0.6271194302884615 0.5752707451923077 0.5033570552884615 0.5288268701923077 0.48943378846153845 0.5457155528846154 0.5977258653846154 0.578437375 0.6874535889423077 0.617492451923077 0.7818224014423076 0.6544364447115385
3 0.6781714110576923 0.7135468341346154 0.6781714110576923 0.6977136947115384 0.65187190625 0.6882138100961538 0.6101021057692309 0.6723806706730768 0.5915377475961539 0.6671029567307692 0.5250154711538462 0.6671029567307692 0.5079981442307692 0.6850471826923077 0.6008199254807692 0.683991639423077 0.6781714110576923 0.7135468341346154
3 0.2511912115384615 0.6565475312500001 0.27284962740384616 0.6597141586538461 0.3022431947115385 0.6217146225961538 0.34710705528846153 0.5721041177884616 0.3857827980769231 0.5172159014423077 0.42909962740384616 0.48027190865384617 0.37804764903846155 0.5077160168269231 0.3548422043269231 0.5362156682692307 0.28367883653846154 0.6143258245192308 0.2511912115384615 0.6565475312500001
3 0.6843595288461538 0.38527306971153846 0.7199412115384616 0.34516244711538463 0.746240716346154 0.3419958197115385 0.7771813125 0.3388291923076923 0.7957456682692308 0.36732884374999997 0.8622679447115384 0.36838438701923076 0.8467976490384616 0.39793958173076927 0.9102258653846154 0.41693934855769227 0.9690129951923077 0.4232726033653846 0.9968595288461538 0.4042728365384616 0.9875773509615384 0.3588845024038462 0.9984375000000001 0.32409381730769227 0.9984375000000001 0.25159914663461536 0.9365253725961539 0.27971880288461537 0.8839263605769231 0.2892186875 0.8421565600961538 0.28499651682692306 0.8390625 0.26916337740384616 0.8189511129807693 0.26388566346153847 0.7818224014423076 0.2712744615384616 0.7601639855769231 0.28499651682692306 0.7323174495192308 0.2765521754807692 0.730770420673077 0.2438303533653846 0.7137530937500001 0.2564968653846154 0.6766243822115385 0.28605206009615386 0.6843595288461538 0.35571787499999996 0.6843595288461538 0.38527306971153846
3 0.0578125 0.46866093750000004 0.13671101682692308 0.46760539663461537 0.14135210576923077 0.4422723725961539 0.11659962740384616 0.3916063245192308 0.06864170673076923 0.40532837980769226 0.06864170673076923 0.3789398125 0.051624382211538464 0.3631066730769231 0.012948639423076922 0.3514957043269231 0 0.4243070360576923 0.011401610576923078 0.4528277980769231 0.0578125 0.46866093750000004
3 0.44302289423076924 0.45599442548076924 0.34556002403846153 0.3631066730769231 0.28831992548076923 0.31771833894230767 0.22643873798076924 0.33460702163461536 0.23726794471153845 0.4253836899038462 0.32854269951923076 0.4612721394230769 0.44302289423076924 0.45599442548076924
3 0.5807085384615385 0.28077434615384617 0.5915377475961539 0.2448858966346154 0.6224783413461539 0.24171926682692307 0.6920946778846153 0.24171926682692307 0.6828125 0.22483058413461537 0.6394956682692308 0.23433046875000002 0.6023669543269231 0.2290527548076923 0.5729733918269231 0.24277481009615384 0.5451268557692308 0.26283012019230767 0.5342976490384616 0.2828854326923077 0.5544090336538462 0.2839409735576923 0.5807085384615385 0.28077434615384617