3 0.20861280528846154 0.6437629447115385 0.1651676826923077 0.6818066538461539 0.15983231730769232 0.6828634230769232 0.15907012259615383 0.7082258942307693 0.20175304807692307 0.67863634375 0.1621189014423077 0.7885403894230769 0.08589938942307693 0.7906539278846154 0.0714176826923077 0.8191867091346154 0.19260670673076924 0.8191867091346154 0.20632621874999998 0.7821997716346154 0.23681402403846155 0.6553874110576923 0.24596036538461538 0.5444265961538461 0.21699695192307691 0.45354440625000003 0.1682164639423077 0.4524876370192308 0.20251524278846153 0.5127235072115385 0.2208079278846154 0.5507672139423077 0.20861280528846154 0.6437629447115385
3 0.2977896346153846 0.5983218509615384 0.34199695192307694 0.5211776634615385 0.3862042692307692 0.46516887259615386 0.4243140240384615 0.4577714855769231 0.42736280528846154 0.43346578125 0.38010670673076924 0.4461470192307692 0.3526676826923077 0.47256625961538457 0.3115091466346154 0.5401995192307693 0.27492378125 0.5983218509615384 0.24596036538461538 0.6226275528846154 0.24291158653846154 0.6479900240384615 0.2977896346153846 0.5983218509615384
3 0.2871189014423077 0.6025489278846154 0.2520579278846154 0.6617280288461539 0.21394817067307692 0.7156232836538461 0.20480182932692306 0.7600076081730769 0.2909298774038462 0.6511603317307693 0.33132621875 0.5623916802884615 0.3397103653846154 0.49264488221153846 0.32065548798076926 0.4376928605769231 0.31074695192307694 0.4609417932692308 0.3137957307692308 0.5116667379807692 0.3130335360576923 0.5380859783653846 0.2871189014423077 0.6025489278846154
3 0.3237042692307692 0.5761296875 0.2589176826923077 0.7124529735576922 0.2246189014423077 0.7969945456730769 0.24977134134615384 0.7843133100961539 0.29397865865384615 0.6680686490384615 0.32522865865384615 0.6088895456730768 0.3534298774038461 0.5592213725961538 0.3770579278846154 0.48947457451923077 0.39153963461538466 0.4197277764423077 0.37858231730769226 0.35209451682692305 0.36257621875 0.35949190625 0.3755335360576923 0.425011625 0.35647865865384615 0.49053134374999996 0.3237042692307692 0.5761296875
3 0.43041158653846157 0.7261909783653846 0.39458841346153845 0.7526102211538461 0.36257621875 0.77268884375 0.35724085336538464 0.776915923076923 0.3663871947115384 0.7811430024038462 0.42050304807692307 0.7536669903846154 0.44260670673076924 0.7219639014423076 0.47157012259615383 0.7029420456730769 0.490625 0.69871496875 0.5447408533653847 0.69871496875 0.585899389423077 0.6870905024038462 0.6514481706730769 0.6860337331730769 0.6529725600961539 0.6659551081730769 0.584375 0.6712389567307693 0.47919207211538467 0.6839201923076923 0.45632621875 0.6944878894230769 0.43041158653846157 0.7261909783653846
3 0.38544207211538467 0.8825928894230769 0.4075457307692308 0.9248636778846154 0.42278963461538466 0.9227501370192308 0.36028963461538466 0.7874836201923077 0.29855182932692303 0.67863634375 0.28940548798076926 0.6944878894230769 0.33742378125 0.7737456153846154 0.36486280528846154 0.8392653341346155 0.38544207211538467 0.8825928894230769
3 0.39611280528846154 0.7018852764423078 0.39839938942307696 0.6427061754807692 0.4022103653846154 0.6099463173076923 0.42126524278846156 0.5729593774038462 0.5302591466346154 0.4408631706730769 0.5950457307692308 0.3235617355769231 0.6400152427884614 0.18935198798076922 0.6621189014423077 0.1227755 0.685746951923077 0.005474067307692307 0.6674542692307692 0.0012469879807692308 0.6537347572115385 0.09212918028846154 0.6278201225961539 0.15764889903846152 0.6057164639423077 0.2495878605769231 0.5363567067307693 0.3859111466346154 0.5020579278846153 0.43874962980769233 0.4014481706730769 0.5549942932692308 0.37477134134615386 0.6353087884615385 0.3808689014423077 0.7209071298076922 0.39611280528846154 0.768461766826923 0.41974085336538464 0.8308111778846154 0.47919207211538467 0.9206365985576923 0.5028201225961538 0.9195798293269231 0.4326981706730769 0.8244705576923077 0.40907012259615383 0.75578053125 0.39611280528846154 0.7018852764423078
3 0.3709603653846154 0.6712389567307693 0.35647865865384615 0.7663482259615384 0.37172256009615384 0.7663482259615384 0.3816310985576923 0.7092826634615383 0.3709603653846154 0.6712389567307693
3 0.053125000000000006 0.862514266826923 0.06836890144230769 0.8519465697115384 0.05922256009615385 0.8139028605769231 0.025685975961538463 0.7430992932692307 0.010442072115384615 0.7610643798076923 0.03940548798076923 0.8255273293269231 0.04931402403846154 0.8508898004807691 0.053125000000000006 0.862514266826923
3 0.4639481706730769 0.7578940697115384 0.4700457307692308 0.768461766826923 0.4799542692307692 0.7642346875 0.490625 0.768461766826923 0.5127286586538461 0.8688548846153845 0.5226371947115385 0.8635710360576923 0.5035823173076923 0.7578940697115384 0.4730945120192308 0.7452128341346154 0.4639481706730769 0.7578940697115384
3 0.6087652427884616 0.7716320745192308 0.6194359759615384 0.7304180576923076 0.6384908533653846 0.6902608100961539 0.623246951923077 0.6860337331730769 0.6003810985576923 0.748383141826923 0.5767530480769231 0.7758591538461539 0.5089176826923076 0.7631779182692308 0.5127286586538461 0.7790294615384615 0.554649389423077 0.7832565408653847 0.5874237812499999 0.7832565408653847 0.6087652427884616 0.7716320745192308
3 0.5980945120192308 0.6659551081730769 0.6163871947115385 0.6691254182692308 0.7985518293269231 0.5444265961538461 0.7962652427884614 0.5306885913461539 0.5980945120192308 0.6659551081730769
3 0.5904725600961538 0.54759690625 0.5569359759615384 0.46833918028846155 0.5142530480769231 0.3129940408653846 0.5142530480769231 0.2559284783653846 0.48300304807692307 0.18618168028846152 0.42126524278846156 0.1259458076923077 0.4075457307692308 0.11643488221153847 0.4128810985576923 0.15025151201923076 0.4471798774038461 0.17138690384615385 0.46699695192307694 0.20097645432692307 0.48757621875 0.2358498533653846 0.4951981706730769 0.29502895673076923 0.5089176826923076 0.34681066826923074 0.5195884134615384 0.40916007932692305 0.5432164639423077 0.47467979807692307 0.5942835360576922 0.6025489278846154 0.6705030480769231 0.6976581995192308 0.716996951923077 0.7578940697115384 0.7215701225961539 0.7409857548076922 0.6331554879807691 0.6141733942307692 0.5904725600961538 0.54759690625
3 0.6659298774038462 0.5032125793269231 0.7307164639423077 0.40387623076923074 0.7695884134615384 0.33201589423076927 0.801600610576923 0.22950923557692307 0.83132621875 0.1808978317307692 0.9067835360576922 0.11854842067307692 0.9929115865384616 0.09529948798076923 0.9967225600961539 0.0657099375 0.9235518293269231 0.09001563942307692 0.86257621875 0.12383226923076923 0.8206554879807691 0.1565921298076923 0.7840701225961539 0.21471446153846155 0.7558689014423077 0.30348311298076924 0.7055640240384615 0.4070465408653846 0.6537347572115385 0.4736230288461538 0.5851371947115385 0.5338589014423077 0.5386432932692308 0.5581646033653846 0.49977134134615386 0.5549942932692308 0.48833841346153845 0.5877541538461538 0.5401676826923076 0.58458384375 0.5996189014423077 0.5581646033653846 0.6659298774038462 0.5032125793269231
3 0.999375 0.6551126514423077 0.9090701225961539 0.6944878894230769 0.9349847572115385 0.7156232836538461 0.9913871947115385 0.6944878894230769 0.999375 0.6845753894230769 0.999375 0.6551126514423077
3 0.7581554879807691 0.48207718749999995 0.7878810985576923 0.4302954735576923 0.8122713413461539 0.39647884375000003 0.8084603653846153 0.37957052884615383 0.7680640240384615 0.44191993990384615 0.7314786586538461 0.506382889423077 0.7002286586538461 0.5792999951923077 0.6628810985576923 0.6427061754807692 0.6682164639423077 0.6543306418269231 0.6910823173076923 0.6226275528846154 0.7154725600961539 0.5782432259615384 0.7383384134615384 0.5243479735576924 0.7581554879807691 0.48207718749999995
3 0.5874237812499999 0.8466627211538462 0.5660823173076923 0.8551168798076922 0.5691310985576923 0.8741387331730769 0.5897103653846154 0.8582871875 0.5874237812499999 0.8466627211538462
3 0.8991615865384616 0.6374223269230769 0.9525152427884614 0.6448197139423077 0.9631859759615384 0.6279114014423077 0.8740091466346154 0.6184004735576922 0.7566310985576923 0.5824703052884616 0.7398628052884615 0.5993786201923077 0.7863567067307693 0.6205140120192307 0.8427591466346154 0.6342520192307692 0.8991615865384616 0.6374223269230769
3 0.8023628052884615 0.4968719615384615 0.8237042692307692 0.4810204158653846 0.8206554879807691 0.4567147139423077 0.8130335360576922 0.45037409615384616 0.8092225600961539 0.4767933389423077 0.7878810985576923 0.4778501081730769 0.7741615865384616 0.46516887259615386 0.7650152427884614 0.4778501081730769 0.7779725600961539 0.49053134374999996 0.8023628052884615 0.4968719615384615
3 0.8557164639423077 0.27917741105769234 0.8656250000000001 0.24747431971153844 0.8686737812499999 0.19463583653846153 0.8511432932692308 0.17033013461538463 0.8473323173076923 0.20414676442307694 0.8549542692307692 0.23267954567307692 0.841996951923077 0.27600710096153847 0.8557164639423077 0.27917741105769234
3 0.999375 0.15597920192307693 0.999375 0.12911611778846155 0.9502286586538461 0.003360528846153846 0.9525152427884614 0.026609459134615383 0.9784298774038462 0.10375364663461539 0.9990091466346154 0.15870566826923077 0.999375 0.15597920192307693
3 0.7680640240384615 0.25804201682692307 0.7589176826923077 0.2273956971153846 0.7398628052884615 0.2273956971153846 0.7185213413461539 0.20520353365384617 0.707850610576923 0.18935198798076922 0.6887957307692307 0.1851249110576923 0.6499237812499999 0.1851249110576923 0.648399389423077 0.19886291586538463 0.6583079278846153 0.19463583653846153 0.7048018293269231 0.216828 0.7528201225961539 0.24747431971153844 0.7650152427884614 0.2834044879807692 0.7634908533653846 0.330959125 0.7764481706730769 0.36054867548076924 0.7985518293269231 0.39330853365384616 0.7939786586538461 0.37217314182692307 0.7749237812499999 0.33412943269230766 0.7726371947115385 0.29080187740384617 0.7680640240384615 0.25804201682692307
3 0.654496951923077 0.08473179086538461 0.648399389423077 0.03717715625 0.6423018293269231 0.02132561298076923 0.6316310985576923 0.03506361778846154 0.645350610576923 0.11115103365384615 0.6301067067307693 0.1608192091346154 0.5988567067307693 0.20203322355769232 0.5599847572115384 0.23056600721153847 0.529496951923077 0.2400769326923077 0.5195884134615384 0.25275816826923075 0.5630335360576922 0.2538149375 0.6049542692307692 0.2273956971153846 0.6445884134615384 0.16821659615384615 0.654496951923077 0.08473179086538461
3 0.6064786586538461 0.21788476923076922 0.6308689014423077 0.24219047115384618 0.6400152427884614 0.26966648317307695 0.654496951923077 0.3140508100961539 0.6575457307692307 0.3531512860576923 0.6217225600961539 0.37640022115384614 0.6095274399038462 0.39330853365384616 0.6194359759615384 0.4070465408653846 0.6659298774038462 0.37534344951923077 0.6674542692307692 0.3383565120192307 0.6590701225961539 0.30031280528846155 0.6445884134615384 0.2347930841346154 0.6323932932692308 0.21999831009615384 0.5912347572115384 0.17350044471153847 0.5554115865384616 0.16293274759615384 0.5096798774038461 0.16610305528846153 0.5134908533653847 0.1851249110576923 0.5516006105769231 0.18406813942307693 0.5759908533653847 0.18723844951923077 0.5912347572115384 0.19252229807692306 0.6064786586538461 0.21788476923076922
3 0.6163871947115385 0.1935790673076923 0.6506859759615384 0.24113370192307693 0.648399389423077 0.27072325240384615 0.6217225600961539 0.3077101923076923 0.5958079278846153 0.3225049663461539 0.5881859759615384 0.33412943269230766 0.5904725600961538 0.33729974278846153 0.6201981706730769 0.3235617355769231 0.6560213413461539 0.30136957451923074 0.6636432932692308 0.27283679326923077 0.6644054879807691 0.23796339423076923 0.6468750000000001 0.216828 0.6201981706730769 0.17033013461538463 0.5820884134615384 0.15130828125 0.5371189014423077 0.13017288701923077 0.5058689014423077 0.1259458076923077 0.5089176826923076 0.15130828125 0.5401676826923076 0.15447858894230768 0.5958079278846153 0.17772752163461536 0.6163871947115385 0.1935790673076923
3 0.6514481706730769 0.2897451081730769 0.5942835360576922 0.33412943269230766 0.5881859759615384 0.36688929326923075 0.6301067067307693 0.3499809783653846 0.6598323173076923 0.32673204567307695 0.6514481706730769 0.2897451081730769
3 0.6834603653846153 0.2633258653846154 0.6811737812499999 0.2812909495192308 0.6628810985576923 0.30031280528846155 0.6705030480769231 0.3055966514423077 0.6872713413461539 0.28551802884615385 0.6933689014423077 0.26438263461538464 0.6819359759615384 0.24747431971153844 0.6674542692307692 0.22845246634615385 0.6476371947115385 0.20097645432692307 0.6468750000000001 0.2273956971153846 0.6644054879807691 0.24324724278846155 0.6773628052884615 0.2559284783653846 0.6834603653846153 0.2633258653846154
3 0.4433689014423077 0.4133871586538461 0.4387957307692308 0.4345225504807692 0.4441310985576923 0.4376928605769231 0.459375 0.41444392788461537 0.46242378125 0.3732299110576923 0.4578506105769231 0.3161643485576923 0.43041158653846157 0.26121232692307694 0.4266006105769231 0.28234771875 0.44489329326923077 0.31193726923076925 0.4433689014423077 0.34575389903846154 0.4433689014423077 0.4133871586538461
3 0.5173018293269231 0.38379760817307695 0.5142530480769231 0.37217314182692307 0.46242378125 0.44191993990384615 0.47233231730769226 0.4556579447115385 0.4799542692307692 0.44403347836538465 0.5173018293269231 0.38379760817307695
3 0.5516006105769231 0.1365135048076923 0.5676067067307693 0.1365135048076923 0.553125 0.10481041586538462 0.5264481706730769 0.10164010576923076 0.5035823173076923 0.08684533173076922 0.5119664639423077 0.11749165144230769 0.5386432932692308 0.11749165144230769 0.5538871947115385 0.1227755 0.5516006105769231 0.1365135048076923
3 0.5645579278846153 0.22105507932692306 0.5775152427884616 0.20731707211538464 0.5775152427884616 0.19252229807692306 0.5615091466346154 0.18195460096153845 0.5599847572115384 0.18301137019230768 0.5569359759615384 0.19252229807692306 0.5523628052884615 0.20414676442307694 0.5645579278846153 0.22105507932692306
3 0.5216705096153846 0.17973796153846155 0.5104420721153846 0.2030899951923077 0.5256859759615384 0.2126009206730769 0.5386432932692308 0.18829521875 0.5216705096153846 0.17973796153846155