3 0.21807870432692308 0.5154241514423077 0.2265663581730769 0.5175435817307692 0.21190586538461537 0.4613786899038462 0.18335648076923078 0.4253483822115385 0.1802700625 0.44866211057692307 0.19261574038461537 0.45184125480769227 0.201875 0.4740952692307693 0.21807870432692308 0.5154241514423077
3 0.17949845673076922 0.8026068990384616 0.1879861105769231 0.8206220528846154 0.24585648076923078 0.848174641826923 0.25665894951923074 0.8449954951923077 0.22733796394230768 0.8280400576923077 0.20264660576923077 0.8132040480769231 0.19415894951923077 0.7920097500000001 0.19338734615384615 0.7528002980769231 0.20959105048076923 0.6998145504807692 0.21653549278846154 0.6584856658653847 0.20881944471153846 0.6447093725961538 0.1987885793269231 0.6987548341346154 0.18721450721153848 0.7241879927884616 0.17949845673076922 0.7729348798076923 0.17949845673076922 0.8026068990384616
3 0.26514660576923077 0.8248609134615384 0.25434413461538463 0.8322789158653846 0.2597453701923077 0.9096381081730769 0.27517746875 0.9149366826923077 0.26514660576923077 0.8248609134615384
3 0.3091280865384615 0.80048746875 0.3183873461538462 0.8206220528846154 0.3191589495192308 0.8132040480769231 0.29369598798076924 0.7485614375 0.2828935192307692 0.6976951201923077 0.2582021610576923 0.639410798076923 0.24739969230769232 0.6012610600961539 0.24662808653846155 0.5737084711538462 0.2389120360576923 0.5705293269230769 0.24739969230769232 0.6298733629807691 0.2720910504807692 0.7019339783653845 0.3091280865384615 0.80048746875
3 0.6926157403846154 0.8577120745192308 0.6926157403846154 0.9064589615384615 0.6972453701923077 0.9064589615384615 0.7003317908653847 0.8460552115384616 0.7072762355769231 0.8386372067307692 0.7173070985576923 0.8365177764423077 0.6895293221153846 0.7867111754807692 0.6810416658653846 0.8057860432692308 0.701875 0.8238011971153847 0.6926157403846154 0.831219201923077 0.6926157403846154 0.8577120745192308
3 0.4464737668269231 0.37448206490384617 0.45418981490384613 0.39885550721153845 0.4727083341346154 0.4136915168269231 0.47965277644230764 0.4020346514423077 0.4464737668269231 0.37448206490384617
3 0.5807330240384615 0.43064695673076925 0.5915354927884615 0.43594553125 0.5923070985576924 0.45184125480769227 0.6007947524038462 0.49317013701923074 0.6208564807692307 0.5228421562500001 0.6162268509615385 0.5058867163461538 0.6061959879807692 0.46773697836538464 0.6038811730769231 0.4200498076923077 0.5791898149038461 0.41899009134615384 0.5282638894230769 0.41899009134615384 0.4997145072115385 0.4041540817307692 0.4696219134615385 0.36706406009615383 0.46499228365384615 0.3776612091346154 0.5151466057692308 0.4285275264423077 0.5807330240384615 0.43064695673076925
3 0.902492283653846 0.6998145504807692 0.8878317908653847 0.6987548341346154 0.8484799375 0.6796799663461539 0.791381173076923 0.6648439567307692 0.8438503076923076 0.6945159759615385 0.8901466057692308 0.7008742644230769 0.902492283653846 0.6998145504807692
3 0.8261033942307693 0.45502039903846153 0.8315046298076924 0.45713982932692304 0.8330478389423077 0.4380649615384616 0.826875 0.4052137980769231 0.812986110576923 0.3797806394230769 0.8230169759615384 0.4242886658653846 0.8261033942307693 0.43488581490384615 0.8261033942307693 0.45502039903846153
3 0.7011033942307693 0.4274678100961538 0.7057330240384616 0.4168706610576923 0.7173070985576923 0.40733322836538466 0.7234799375 0.40839294230769235 0.7227083341346153 0.3967360769230769 0.7111342596153847 0.3935569326923077 0.6980169759615384 0.41475123076923076 0.7011033942307693 0.4274678100961538
3 0.6478626538461539 0.37236263461538466 0.6470910504807693 0.3193768870192307 0.6386033942307693 0.29076458413461537 0.6370601850961539 0.3066603076923077 0.6308873461538462 0.34798918990384614 0.6401466057692308 0.38613892788461535 0.6169984567307693 0.3607057692307692 0.5984799375000001 0.3607057692307692 0.5807330240384615 0.3660043461538462 0.5714737668269231 0.34163090144230773 0.5498688269230769 0.33951147115384617 0.5691589495192309 0.3289143221153846 0.5884490745192308 0.3204366033653846 0.5869058653846154 0.3003020192307692 0.5683873461538462 0.2589731370192308 0.562986110576923 0.26003285096153844 0.5815046298076922 0.30877973798076924 0.5753317908653846 0.3140783125 0.5506404326923077 0.32679489182692306 0.5282638894230769 0.3342128966346154 0.4680787043269231 0.29182430048076924 0.43875771634615385 0.27274943028846155 0.42101080288461534 0.2377788389423077 0.4009490745192308 0.20174852884615382 0.3986342596153846 0.20492767548076923 0.40403549278846157 0.21976368269230767 0.43952932211538465 0.2865257235576923 0.4634490745192308 0.3066603076923077 0.5244058653846154 0.34481004567307694 0.5305787043269231 0.3543474807692307 0.5429243822115384 0.3893180745192308 0.5490972235576923 0.3882583581730769 0.5359799375000001 0.34586976201923075 0.5568132716346154 0.3564669110576923 0.5737885793269231 0.3797806394230769 0.5745601850961538 0.3882583581730769 0.5653009254807693 0.4158109471153846 0.5745601850961538 0.41157208653846156 0.5799614206730769 0.4041540817307692 0.5807330240384615 0.41793037740384614 0.5946219134615385 0.41793037740384614 0.5915354927884615 0.4105123725961538 0.5815046298076922 0.3967360769230769 0.5923070985576924 0.3776612091346154 0.6046527764423076 0.3776612091346154 0.6409182091346154 0.3893180745192308 0.6733256177884616 0.40839294230769235 0.6740972235576923 0.4030943677884615 0.6632947524038462 0.3840194975961539 0.6478626538461539 0.38190006971153845 0.6478626538461539 0.37236263461538466
3 0.25202932211538465 0.24307741105769232 0.2736342596153846 0.22930111778846152 0.30372685096153845 0.21552482451923077 0.3315046298076923 0.20704710576923077 0.36314043269230767 0.1953902403846154 0.40326388942307695 0.19327081009615382 0.42255401201923076 0.2028082451923077 0.4781095673076923 0.2610925673076923 0.49431327163461536 0.27380914423076924 0.5213194447115385 0.29076458413461537 0.562986110576923 0.33103375240384614 0.5606712956730769 0.3140783125 0.5213194447115385 0.2801674350961539 0.500486110576923 0.2663911418269231 0.4865972235576923 0.2462565576923077 0.45804783894230766 0.21870396875 0.4341280865384615 0.19221109615384616 0.41406635817307696 0.18055423076923077 0.3847453701923077 0.17313622596153846 0.3384490745192308 0.19327081009615382 0.28829475240384617 0.20810681971153844 0.2582021610576923 0.22930111778846152 0.23428240865384617 0.23565940865384613 0.22579475240384614 0.23248026201923075 0.2219367283653846 0.24837598798076924 0.23659722355769233 0.25261484615384616 0.25202932211538465 0.24307741105769232